198
10138_7023_7637_AY348528_B_NA_NA 0.0000000 0.0158979 0.0033798 0.0985301 0.1007694 0.0828219 0.0068079 0.0050883 0.0233088 0.0956363 0.0646604 0.0734119 0.0797848 0.0975388 0.0121339 0.0795190 0.0712013 0.0956363 0.0728559 0.0728559 0.0666972 0.0956363 0.0756907 0.0666972 0.0666972 0.0672989 0.0992170 0.0666972 0.0973436 0.0666972 0.0950582 0.0941780 0.0666972 0.0965668 0.0941112 0.0950582 0.0941780 0.0666972 0.0916195 0.0644189 0.1017428 0.0941527 0.0916195 0.0922637 0.0972787 0.0815150 0.0942151 0.0941527 0.0942469 0.0974161 0.0791095 0.0884949 0.0943672 0.0825928 0.0686011 0.1134027 0.1163923 0.0825928 0.0926550 0.0928102 0.1193463 0.0712103 0.0971037 0.0522818 0.0907425 0.0944867 0.1007128 0.0501176 0.1078479 0.0883955 0.0918479 0.0994118 0.0987250 0.1083399 0.1101568 0.0759620 0.0866083 0.1153949 0.1107403 0.1182209 0.0440771 0.0798587 0.0640954 0.0741191 0.0565950 0.1167805 0.1070418 0.1140506 0.0591020 0.1194128 0.1194128 0.1303672 0.0707598 0.0554700 0.0607480 0.1098225 0.1001889 0.1105391 0.0777056 0.0485490 0.1072663 0.0690993 0.0764691 0.0616624 0.0832130 0.0834164 0.0740471 0.0860091 0.1081475 0.0648672 0.0686113 0.0735964 0.0703729 0.0687238 0.0797650 0.1095061 0.0578278 0.0631263 0.0999390 0.0757180 0.0967058 0.0626105 0.0873870 0.0706596 0.0890624 0.0914882 0.0962978 0.0734685 0.0861331 0.0695264 0.0791606 0.0779304 0.0964614 0.0975329 0.0781304 0.0747385 0.0753115 0.0730364 0.0707106 0.0759596 0.0740335 0.0926092 0.0797571 0.0800012 0.0731341 0.0802178 0.0773971 0.0744568 0.0797571 0.0795431 0.0700974 0.0721449 0.0799708 0.0799708 0.0843294 0.0749365 0.0743230 0.0745812 0.0720305 0.0767684 0.0700309 0.0719624 0.0743397 0.0705676 0.0719624 0.0677400 0.0696699 0.0656664 0.0745437 0.1168971 0.0870146 0.1017467 0.0728024 0.0608109 0.0763862 0.0416469 0.0708586 0.0544896 0.0724612 0.0707363 0.0990892 0.0588391 0.1019891 0.0975644 0.1015817 0.0965442 0.0729761 0.0769979 0.0739204 0.0741868 0.0847355 0.0748760 0.0924086 0.0719596 0.0882556 0.0819854 0.0844651 0.0777442 
10138_7023_7637_AY348527_B_NA_NA 0.0158979 0.0000000 0.0159106 0.0962475 0.1037954 0.0611186 0.0195801 0.0177392 0.0139508 0.0986175 0.0442567 0.0523951 0.0682546 0.1005248 0.0177473 0.0577263 0.0646793 0.0986175 0.0660335 0.0660335 0.0602493 0.0986175 0.0687703 0.0602493 0.0602493 0.0607979 0.1021996 0.0602493 0.1003223 0.0602493 0.0980242 0.0971095 0.0602493 0.0981131 0.0970409 0.0980242 0.0971095 0.0602493 0.0945267 0.0580116 0.1047394 0.0970829 0.0945267 0.0951960 0.1002553 0.0747475 0.0971473 0.0970829 0.0972572 0.1003961 0.0723686 0.0913770 0.0973120 0.0853944 0.0618572 0.1165099 0.1195451 0.0853944 0.0955968 0.0928993 0.1180054 0.0712839 0.1000797 0.0474282 0.0936424 0.0974449 0.1008055 0.0453047 0.1109283 0.0912735 0.0844280 0.1024009 0.0915288 0.1114361 0.1194734 0.0691808 0.0894853 0.1185680 0.1138430 0.1214184 0.0338877 0.0826288 0.0671347 0.0581408 0.0594654 0.1092440 0.0997435 0.1065686 0.0600241 0.1118294 0.1118294 0.1225732 0.0687460 0.0608188 0.0663045 0.1024614 0.0902258 0.1083394 0.0756676 0.0512878 0.0999506 0.0670752 0.0744098 0.0597368 0.0811425 0.0813434 0.0719978 0.0839337 0.1007948 0.0674444 0.0666213 0.0715718 0.0683794 0.0667099 0.0777321 0.1021670 0.0558976 0.0611695 0.0927484 0.0736767 0.0896065 0.0606536 0.0852992 0.0686453 0.0869821 0.0893978 0.0941526 0.0714327 0.0840317 0.0675008 0.0770950 0.0758770 0.0943129 0.0953739 0.0662804 0.0727214 0.0732807 0.0614153 0.0591718 0.0641716 0.0720303 0.0855418 0.0729521 0.0681482 0.0758596 0.0781579 0.0706326 0.0724410 0.0729521 0.0774980 0.0634766 0.0700796 0.0779172 0.0779172 0.0774507 0.0682144 0.0676625 0.0725054 0.0654071 0.0700570 0.0634166 0.0653455 0.0676768 0.0639007 0.0653455 0.0611650 0.0630921 0.0640761 0.0772992 0.1146587 0.0905118 0.1055252 0.0612525 0.0558212 0.0791508 0.0442242 0.0641980 0.0525407 0.0704554 0.0687316 0.0969618 0.0568791 0.0998411 0.0904066 0.0994432 0.0944289 0.0709639 0.0749346 0.0672884 0.0721788 0.0826653 0.0728518 0.0853376 0.0653341 0.0792778 0.0847764 0.0824000 0.0709515 
10138_7023_7637_AY348526_B_NA_NA 0.0033798 0.0159106 0.0000000 0.0986005 0.1008410 0.0828802 0.0068134 0.0050924 0.0233268 0.0957049 0.0647075 0.0734645 0.0798410 0.0976082 0.0121436 0.0795762 0.0712524 0.0957049 0.0729078 0.0729078 0.0667455 0.0957049 0.0757446 0.0667455 0.0667455 0.0673479 0.0992870 0.0667455 0.0974128 0.0667455 0.0951262 0.0942449 0.0667455 0.0966350 0.0941780 0.0951262 0.0942449 0.0667455 0.0916848 0.0644657 0.1018140 0.0942196 0.0916848 0.0923298 0.0973478 0.0815731 0.0942820 0.0942196 0.0943156 0.0974854 0.0791663 0.0885584 0.0944345 0.0826522 0.0686504 0.1134807 0.1164724 0.0826522 0.0927215 0.0928770 0.1194281 0.0712615 0.0971727 0.0523212 0.0908074 0.0945543 0.1007843 0.0501556 0.1079234 0.0884589 0.0919127 0.0994820 0.0987946 0.1084159 0.1102325 0.0760176 0.0866709 0.1154752 0.1108173 0.1183027 0.0441101 0.0799162 0.0641418 0.0741723 0.0566361 0.1168604 0.1071157 0.1141289 0.0591449 0.1194941 0.1194941 0.1304540 0.0708118 0.0555110 0.0607929 0.1098981 0.1002590 0.1106154 0.0777619 0.0485851 0.1073405 0.0691506 0.0765254 0.0617072 0.0783361 0.0834765 0.0692618 0.0860706 0.1082224 0.0649144 0.0686615 0.0736501 0.0704241 0.0687746 0.0798222 0.1095814 0.0578704 0.0631726 0.1000091 0.0757733 0.0967737 0.0626565 0.0874495 0.0707115 0.0891255 0.0915528 0.0963663 0.0735225 0.0861954 0.0695780 0.0792184 0.0779872 0.0965301 0.0976024 0.0781874 0.0747927 0.0753663 0.0730900 0.0707626 0.0760153 0.0740869 0.0926750 0.0798148 0.0800591 0.0731878 0.0802760 0.0774533 0.0745108 0.0798148 0.0796005 0.0701488 0.0721989 0.0800286 0.0800286 0.0843898 0.0749910 0.0743768 0.0746369 0.0720829 0.0768238 0.0700822 0.0720147 0.0743935 0.0706195 0.0720147 0.0677898 0.0697207 0.0657146 0.0745987 0.1169771 0.0870761 0.1018171 0.0728555 0.0608558 0.0764421 0.0416780 0.0709107 0.0545308 0.0725138 0.0707870 0.0991583 0.0588830 0.1020602 0.0976332 0.1016523 0.0966119 0.0730292 0.0770545 0.0739737 0.0742405 0.0847962 0.0749305 0.0924743 0.0720119 0.0883191 0.0820443 0.0845255 0.0778007 
10138_7023_7637_AY348525_B_NA_NA 0.0985301 0.0962475 0.0986005 0.0000000 0.0118398 0.0758034 0.1037128 0.1011492 0.1108291 0.0083938 0.0923794 0.0832318 0.0776104 0.0244398 0.0885192 0.0748408 0.0882798 0.0118402 0.0706033 0.0706033 0.0883653 0.0118402 0.0734597 0.0883653 0.0883653 0.0941657 0.0245750 0.0883653 0.0153696 0.0883653 0.0207929 0.0303090 0.0883653 0.0321706 0.0302865 0.0207929 0.0303090 0.0883653 0.0284079 0.0909211 0.0360380 0.0303058 0.0284079 0.0225980 0.0225527 0.1046657 0.0303235 0.0303058 0.0588189 0.0284079 0.0888834 0.0190123 0.0322673 0.0304061 0.0966876 0.0855941 0.0711951 0.0304061 0.0136154 0.0137288 0.0457664 0.0705049 0.0613417 0.0713365 0.0435802 0.0289809 0.0598482 0.0737168 0.0666198 0.0371685 0.0529004 0.0656426 0.0718394 0.0682365 0.1354108 0.0774345 0.0287493 0.0470034 0.0772864 0.0491137 0.0705190 0.0720237 0.0901020 0.0899438 0.0872339 0.1229193 0.1222450 0.1201232 0.0664003 0.1256097 0.1256097 0.1368067 0.0743874 0.0574535 0.0628977 0.1251926 0.1097960 0.1205084 0.0814487 0.0707658 0.1225129 0.0646688 0.0719081 0.0718248 0.0815654 0.0817639 0.0695246 0.0747317 0.1257604 0.0762047 0.0826610 0.0797829 0.0829550 0.0734338 0.0929330 0.1163360 0.0758954 0.0842151 0.1095683 0.0703580 0.1061650 0.0773383 0.0974978 0.0735126 0.0981997 0.1007206 0.0979741 0.0739552 0.0985563 0.0751601 0.0796838 0.0815772 0.0981436 0.0992441 0.1060212 0.0890397 0.0897300 0.1002725 0.0976996 0.1036511 0.0807863 0.1073992 0.1023038 0.1013640 0.0896119 0.0976555 0.0997296 0.0912614 0.1023038 0.0968252 0.0916997 0.0742454 0.1025874 0.1025874 0.1019847 0.0918830 0.0910840 0.0767739 0.0937051 0.0959760 0.0865287 0.0885313 0.0888752 0.0900903 0.0885313 0.0891042 0.0911083 0.0747143 0.0532717 0.1285760 0.0975837 0.1341151 0.0676053 0.0741051 0.0662012 0.0701312 0.0690273 0.0546576 0.0654995 0.0719282 0.1198550 0.0566616 0.1169454 0.1040861 0.1066383 0.1171246 0.0883025 0.0841831 0.0913923 0.0898652 0.1064687 0.0840750 0.1133479 0.0893763 0.1130212 0.0967823 0.0980373 0.1042038 
10138_7023_7637_AY348524_B_NA_NA 0.1007694 0.1037954 0.1008410 0.0118398 0.0000000 0.0827931 0.1059677 0.1033969 0.1186649 0.0033093 0.0997834 0.0904582 0.0797147 0.0262021 0.0928895 0.0818524 0.0904383 0.0135402 0.0726862 0.0726862 0.0905258 0.0135402 0.0755610 0.0905258 0.0905258 0.0963574 0.0263447 0.0905258 0.0206868 0.0905258 0.0225395 0.0321093 0.0905258 0.0339770 0.0320856 0.0225395 0.0321093 0.0905258 0.0302000 0.0930911 0.0378609 0.0321058 0.0302000 0.0243503 0.0243030 0.1068972 0.0321245 0.0321058 0.0608552 0.0302000 0.0910483 0.0207537 0.0340783 0.0322127 0.0988872 0.0926310 0.0732281 0.0322127 0.0153271 0.0154540 0.0476709 0.0725407 0.0633318 0.0734293 0.0454827 0.0308066 0.0618428 0.0758182 0.0686401 0.0390430 0.0548574 0.0676435 0.0785949 0.0702856 0.1435232 0.0843497 0.0305624 0.0489052 0.0793576 0.0510245 0.0726090 0.0740859 0.0974078 0.0922035 0.0944809 0.1307728 0.1300471 0.1279268 0.0684786 0.1335052 0.1335052 0.1448922 0.0813364 0.0595035 0.0649869 0.1330569 0.1173944 0.1283226 0.0885041 0.0728630 0.1303355 0.0714400 0.0788240 0.0787079 0.0885251 0.0887324 0.0763997 0.0815480 0.1336391 0.0831487 0.0897852 0.0868694 0.0900964 0.0803456 0.1002510 0.1240312 0.0828478 0.0863775 0.1171898 0.0821946 0.1084098 0.0843934 0.1049360 0.0804327 0.1055907 0.1081499 0.1055040 0.0809220 0.1060676 0.0821405 0.0867710 0.0888087 0.1056855 0.1068209 0.1083172 0.0963618 0.0970995 0.1025434 0.0999633 0.1059423 0.0878263 0.1150514 0.1098896 0.1089219 0.0969112 0.1051991 0.1072754 0.0986278 0.1098896 0.1043141 0.0991027 0.0815242 0.1101935 0.1101935 0.1095568 0.0993042 0.0984329 0.0840959 0.1011039 0.1033897 0.0938385 0.0958373 0.0961980 0.0975337 0.0958373 0.0964605 0.0984605 0.0866343 0.0552398 0.1365311 0.0997908 0.1364601 0.0743241 0.0810200 0.0682508 0.0769025 0.0758194 0.0612067 0.0721859 0.0787936 0.1276385 0.0632138 0.1246657 0.1116217 0.1141355 0.1248633 0.0955914 0.0914408 0.0986713 0.0971212 0.1140987 0.0912237 0.1211528 0.0966554 0.1209068 0.1042504 0.1054685 0.1118233 
10138_7023_7637_AY348523_B_NA_NA 0.0828219 0.0611186 0.0828802 0.0758034 0.0827931 0.0000000 0.0875921 0.0852291 0.0523092 0.0780190 0.0485400 0.0273578 0.0086144 0.0832825 0.0710039 0.0339375 0.0693394 0.0732889 0.0103807 0.0103807 0.0648435 0.0732889 0.0122505 0.0648435 0.0648435 0.0700304 0.0801589 0.0648435 0.0783351 0.0648435 0.0809356 0.0807027 0.0648435 0.0815986 0.0806457 0.0809356 0.0807027 0.0648435 0.0783063 0.0671763 0.0878163 0.0806837 0.0783063 0.0783407 0.0830696 0.0796105 0.0807355 0.0806837 0.0897537 0.0815370 0.0423386 0.0733589 0.0869549 0.0696259 0.0664388 0.1298050 0.1256648 0.0696259 0.0727169 0.0728010 0.1051693 0.1088882 0.0872465 0.0621186 0.0885944 0.0789864 0.1014438 0.0599175 0.1108952 0.0835180 0.0532838 0.0894710 0.0719468 0.0987206 0.1343040 0.0684327 0.0814657 0.1000743 0.1067246 0.1027186 0.0503223 0.1023510 0.0944330 0.0782666 0.0810086 0.1237388 0.1230655 0.1209637 0.0435094 0.1264086 0.1264086 0.1375228 0.0676842 0.0575054 0.0628174 0.1152187 0.0988183 0.1213465 0.0744995 0.0644192 0.1126258 0.0650772 0.0721965 0.0524000 0.0838089 0.0840089 0.0698536 0.0784186 0.1135332 0.0792690 0.0688131 0.0815562 0.0706557 0.0676877 0.0800527 0.1202178 0.0720171 0.0729178 0.1051898 0.0772489 0.1018782 0.0759539 0.1035953 0.0751777 0.1005289 0.1030293 0.1102931 0.0691835 0.0972469 0.0809942 0.0747796 0.0834277 0.1104795 0.1063354 0.0771655 0.0887881 0.0894627 0.0769344 0.0745701 0.0799250 0.0774621 0.0922266 0.0891166 0.0791354 0.0936826 0.0932777 0.0866754 0.0871021 0.0891166 0.0924941 0.0790936 0.0811233 0.0943901 0.0943901 0.0924372 0.0827268 0.0820303 0.0836725 0.0810530 0.0859658 0.0776164 0.0795818 0.0772065 0.0782237 0.0795818 0.0766438 0.0786011 0.0712218 0.0962551 0.1293537 0.0770956 0.1235399 0.0552599 0.0825052 0.0981403 0.0589391 0.0759089 0.0607976 0.0636626 0.0773266 0.1108819 0.0684756 0.1086607 0.1050512 0.1067094 0.1031011 0.0830614 0.0716566 0.0795420 0.0832681 0.0993595 0.0889828 0.0969997 0.0799992 0.0960039 0.0950334 0.0976469 0.0884665 
10138_7023_7637_AY348522_B_NA_NA 0.0068079 0.0195801 0.0068134 0.1037128 0.1059677 0.0875921 0.0000000 0.0085461 0.0270998 0.1007694 0.0692014 0.0780634 0.0844878 0.1026756 0.0157216 0.0843242 0.0758143 0.1007694 0.0774662 0.0774662 0.0712524 0.1007694 0.0803614 0.0712524 0.0712524 0.0718913 0.1043442 0.0712524 0.1024684 0.0712524 0.1001666 0.0992290 0.0712524 0.1016429 0.0991592 0.1001666 0.0992290 0.0712524 0.0966350 0.0689424 0.1068884 0.0992014 0.0966350 0.0973209 0.1024000 0.0863125 0.0992672 0.0992014 0.0968670 0.1025429 0.0838873 0.0934757 0.0994408 0.0874521 0.0731656 0.1187173 0.1217800 0.0874521 0.0977276 0.0979023 0.1247854 0.0758312 0.1022246 0.0566927 0.0957480 0.0995832 0.1059065 0.0544999 0.1131257 0.0933694 0.0968206 0.1045498 0.1038380 0.1136439 0.1139764 0.0807645 0.0915856 0.1193672 0.1160510 0.1222261 0.0482666 0.0846712 0.0685989 0.0787937 0.0609497 0.1207109 0.1108261 0.1179471 0.0634991 0.1233726 0.1233726 0.1344528 0.0754648 0.0598651 0.0652628 0.1136479 0.1052889 0.1143876 0.0824971 0.0528183 0.1110618 0.0738227 0.0813066 0.0661177 0.0867076 0.0869163 0.0788509 0.0895284 0.1119631 0.0680277 0.0732495 0.0769482 0.0750282 0.0734173 0.0845521 0.1133177 0.0622732 0.0662818 0.1050518 0.0805095 0.1017515 0.0671439 0.0923324 0.0753642 0.0939951 0.0964524 0.1014050 0.0782378 0.0911044 0.0742529 0.0840228 0.0813621 0.1015770 0.1026750 0.0829695 0.0794694 0.0800748 0.0777886 0.0754320 0.0807758 0.0787293 0.0962297 0.0831918 0.0834464 0.0764948 0.0836759 0.0808003 0.0778010 0.0831918 0.0829719 0.0733915 0.0755543 0.0834159 0.0834159 0.0878226 0.0783070 0.0776591 0.0780268 0.0753362 0.0801423 0.0733214 0.0752644 0.0776772 0.0738875 0.0752644 0.0709980 0.0729400 0.0702591 0.0793489 0.1208320 0.0918819 0.1054403 0.0775230 0.0653112 0.0812009 0.0457680 0.0755696 0.0575499 0.0757724 0.0740313 0.1027663 0.0619584 0.1057135 0.1012499 0.1052889 0.1001889 0.0776851 0.0818460 0.0772404 0.0775161 0.0882395 0.0782364 0.0960320 0.0766498 0.0918390 0.0854413 0.0879580 0.0811637 
10138_7023_7637_AY348521_B_NA_NA 0.0050883 0.0177392 0.0050924 0.1011492 0.1033969 0.0852291 0.0085461 0.0000000 0.0252071 0.0982297 0.0669476 0.0757569 0.0821573 0.1001345 0.0139265 0.0819429 0.0735265 0.0982297 0.0751801 0.0751801 0.0689921 0.0982297 0.0780460 0.0689921 0.0689921 0.0696127 0.1018082 0.0689921 0.0999332 0.0689921 0.0976390 0.0967297 0.0689921 0.0991317 0.0966614 0.0976390 0.0967297 0.0689921 0.0941527 0.0666972 0.1043439 0.0967033 0.0941527 0.0948181 0.0998665 0.0839356 0.0967674 0.0967033 0.0968670 0.1000068 0.0815196 0.0910097 0.0969303 0.0850455 0.0709011 0.1160910 0.1191185 0.0850455 0.0952173 0.0953823 0.1220990 0.0735394 0.0996912 0.0544999 0.0932703 0.0970613 0.1033380 0.0523212 0.1105169 0.0909068 0.0943592 0.1020084 0.1013089 0.1110222 0.1128016 0.0783838 0.0891210 0.1181392 0.1134265 0.1209847 0.0461818 0.0822865 0.0663635 0.0764761 0.0587862 0.1194941 0.1096669 0.1167438 0.0613154 0.1221439 0.1221439 0.1331755 0.0684413 0.0576814 0.0630215 0.1124715 0.1027663 0.1132034 0.0753436 0.0506951 0.1098981 0.0666942 0.0789087 0.0639057 0.0856801 0.0858868 0.0764691 0.0884873 0.1107923 0.0671495 0.0709488 0.0759875 0.0727193 0.0710889 0.0821801 0.1121467 0.0600650 0.0654100 0.1025227 0.0781341 0.0992550 0.0648932 0.0898834 0.0730307 0.0915528 0.0939951 0.0988781 0.0758729 0.0886424 0.0719084 0.0816135 0.0803663 0.0990460 0.1001312 0.0805710 0.0771239 0.0777134 0.0754320 0.0730900 0.0783882 0.0764009 0.0951446 0.0821910 0.0824414 0.0755330 0.0826665 0.0798148 0.0768402 0.0821910 0.0819728 0.0724580 0.0745812 0.0824114 0.0824114 0.0867929 0.0773372 0.0767010 0.0770362 0.0743935 0.0791665 0.0723890 0.0743230 0.0767187 0.0729451 0.0743230 0.0700822 0.0720147 0.0679800 0.0769667 0.1196137 0.0894720 0.1043169 0.0751821 0.0630763 0.0788143 0.0437166 0.0732331 0.0567378 0.0748275 0.0730959 0.1016523 0.0611130 0.1045802 0.1001353 0.1041615 0.0990892 0.0753502 0.0794430 0.0762881 0.0765604 0.0872056 0.0772703 0.0899304 0.0743235 0.0907736 0.0844289 0.0869287 0.0801720 
10138_7023_7637_AY348520_B_NA_NA 0.0233088 0.0139508 0.0233268 0.1108291 0.1186649 0.0523092 0.0270998 0.0252071 0.0000000 0.1132742 0.0359285 0.0438465 0.0591847 0.1098408 0.0292249 0.0488821 0.0600323 0.1079165 0.0614113 0.0614113 0.0556729 0.1079165 0.0640794 0.0556729 0.0556729 0.0561819 0.1115066 0.0556729 0.1096152 0.0556729 0.1072760 0.1135378 0.0556729 0.1146164 0.1134595 0.1072760 0.1135378 0.0556729 0.1108193 0.0534733 0.1215354 0.1135028 0.1108193 0.1043395 0.1095414 0.0698862 0.1135790 0.1135028 0.1196814 0.1170998 0.0629704 0.1003634 0.1192293 0.1011151 0.0572914 0.1317877 0.1430052 0.1011151 0.1047697 0.1072896 0.1334868 0.0794283 0.1222275 0.0518618 0.1152444 0.1134265 0.1175938 0.0497050 0.1275203 0.1068542 0.0793917 0.1246391 0.0967896 0.1281126 0.1292716 0.0740698 0.1050713 0.1356330 0.1369213 0.1386104 0.0462855 0.0976828 0.0765576 0.0718438 0.0685595 0.1242120 0.1141847 0.1214140 0.0598638 0.1269038 0.1269038 0.1381143 0.0732436 0.0747561 0.0806274 0.1117186 0.0954231 0.1178072 0.0802310 0.0646762 0.1091366 0.0715930 0.0790197 0.0640167 0.0948216 0.0950412 0.0765814 0.0940246 0.1100314 0.0815709 0.0710611 0.0798955 0.0728308 0.0732533 0.0822867 0.1167039 0.0695503 0.0751049 0.1017337 0.0782447 0.0984560 0.0685318 0.0954700 0.0782798 0.0971299 0.0996165 0.1034062 0.0798022 0.0942527 0.0771776 0.0856666 0.0843832 0.1035809 0.0995082 0.0758575 0.0810311 0.0816525 0.0708084 0.0684985 0.0736993 0.0802739 0.0906899 0.0827069 0.0715774 0.0857609 0.0867206 0.0803187 0.0807424 0.0827069 0.0859909 0.0729228 0.0785547 0.0878489 0.0878489 0.0859376 0.0764303 0.0757976 0.0810597 0.0748662 0.0796641 0.0714570 0.0734062 0.0758151 0.0720103 0.0734062 0.0705342 0.0724746 0.0769116 0.0923119 0.1243374 0.0902515 0.1162756 0.0705889 0.0680546 0.0942031 0.0485192 0.0770928 0.0662591 0.0739132 0.0831394 0.1074232 0.0693612 0.1052043 0.1045093 0.1047814 0.0996854 0.0806126 0.0795538 0.0767689 0.0818287 0.0913267 0.0811940 0.0955283 0.0747962 0.0893606 0.0934781 0.0910374 0.0806795 
10138_7023_7637_AY348519_B_NA_NA 0.0956363 0.0986175 0.0957049 0.0083938 0.0033093 0.0780190 0.1007694 0.0982297 0.1132742 0.0000000 0.0947083 0.0855149 0.0750072 0.0225397 0.0878647 0.0770648 0.0855475 0.0100793 0.0680687 0.0680687 0.0856300 0.0100793 0.0708837 0.0856300 0.0856300 0.0913577 0.0226652 0.0856300 0.0171111 0.0856300 0.0189300 0.0283326 0.0856300 0.0301776 0.0283115 0.0189300 0.0283326 0.0856300 0.0264517 0.0881592 0.0340049 0.0283298 0.0264517 0.0207182 0.0206764 0.1017473 0.0283463 0.0283298 0.0564076 0.0264517 0.0861395 0.0171657 0.0302678 0.0284225 0.0938552 0.0877496 0.0687155 0.0284225 0.0118319 0.0119305 0.0435835 0.0680266 0.0589704 0.0687842 0.0414128 0.0269849 0.0574798 0.0711414 0.0641818 0.0350704 0.0506160 0.0632339 0.0739286 0.0657538 0.1378243 0.0795644 0.0267684 0.0448177 0.0747248 0.0469055 0.0679768 0.0695040 0.0923326 0.0872993 0.0894506 0.1252705 0.1245818 0.1224630 0.0638936 0.1279702 0.1279702 0.1392104 0.0765333 0.0550335 0.0603985 0.1275443 0.1120881 0.1228511 0.0836158 0.0682119 0.1248555 0.0667744 0.0740469 0.0739538 0.0837026 0.0839035 0.0716552 0.0768354 0.1281159 0.0783455 0.0848475 0.0819620 0.0851465 0.0755687 0.0951633 0.1186481 0.0780386 0.0815015 0.1118675 0.0773649 0.1084420 0.0795116 0.0997575 0.0756499 0.1004449 0.1029738 0.1002617 0.0761068 0.1008368 0.0773141 0.0818631 0.0837982 0.1004346 0.1015445 0.1030109 0.0912773 0.0919811 0.0973277 0.0947789 0.1006605 0.0829492 0.1097104 0.1046020 0.1036548 0.0918409 0.0999476 0.1020193 0.0935089 0.1046020 0.0991017 0.0939577 0.0764927 0.1048913 0.1048913 0.1042791 0.0941462 0.0933265 0.0790304 0.0959589 0.0982311 0.0887660 0.0907645 0.0911131 0.0923629 0.0907645 0.0913518 0.0933517 0.0817685 0.0509722 0.1309506 0.0947364 0.1308856 0.0696897 0.0762403 0.0637296 0.0722280 0.0711327 0.0567100 0.0675773 0.0740518 0.1221892 0.0587119 0.1192645 0.1063667 0.1089034 0.1194489 0.0905308 0.0864082 0.0936124 0.0920811 0.1087742 0.0862664 0.1156967 0.0915994 0.1153952 0.0990528 0.1002946 0.1065092 
10138_7023_7637_AY348518_B_NA_NA 0.0646604 0.0442567 0.0647075 0.0923794 0.0997834 0.0485400 0.0692014 0.0669476 0.0359285 0.0947083 0.0000000 0.0422171 0.0553668 0.0945472 0.0578420 0.0469197 0.0193691 0.0896732 0.0575827 0.0575827 0.0157434 0.0896732 0.0602208 0.0157434 0.0157434 0.0158920 0.0962199 0.0157434 0.0943602 0.0157434 0.0920995 0.0951396 0.0157434 0.0961261 0.0950727 0.0920995 0.0951396 0.0157434 0.0925933 0.0175743 0.1026678 0.0951141 0.0925933 0.0893525 0.0942978 0.0271237 0.0951767 0.0951141 0.0957099 0.0983687 0.0464290 0.0841036 0.1034875 0.0849327 0.0173893 0.0867235 0.1055443 0.0849327 0.0867888 0.0891127 0.1022183 0.0795394 0.0926130 0.0543157 0.0981767 0.0822130 0.0849125 0.0521366 0.0919295 0.0765406 0.0649624 0.0948724 0.0652560 0.0923329 0.0948197 0.0561836 0.0856280 0.1016740 0.0971435 0.1043479 0.0356913 0.0606756 0.0550179 0.0389190 0.0580809 0.0853388 0.0862857 0.0828768 0.0633778 0.0877354 0.0877354 0.0976525 0.0489456 0.0687017 0.0744673 0.0745182 0.0647748 0.0845595 0.0553257 0.0271300 0.0722214 0.0448361 0.0499044 0.0733094 0.0655207 0.0656945 0.0477282 0.0650020 0.0775993 0.0673606 0.0566606 0.0618399 0.0538794 0.0509910 0.0658865 0.0837706 0.0578963 0.0610790 0.0702050 0.0510702 0.0674082 0.0474072 0.0674161 0.0538260 0.0663852 0.0686232 0.0793531 0.0543102 0.0681410 0.0498667 0.0595125 0.0616622 0.0794858 0.0756596 0.0539834 0.0588109 0.0592694 0.0494036 0.0472689 0.0519582 0.0539954 0.0696435 0.0623400 0.0500415 0.0630515 0.0638527 0.0601250 0.0585515 0.0623400 0.0633088 0.0513796 0.0559096 0.0670505 0.0670505 0.0632702 0.0544546 0.0540297 0.0582124 0.0532707 0.0576832 0.0499261 0.0518267 0.0540394 0.0526651 0.0518267 0.0491904 0.0510776 0.0541951 0.0727805 0.0903200 0.0728920 0.0786970 0.0444183 0.0562918 0.0745852 0.0378026 0.0682280 0.0425709 0.0471993 0.0603822 0.0755911 0.0430475 0.0735191 0.0700700 0.0681645 0.0686643 0.0469027 0.0458178 0.0554928 0.0597277 0.0682002 0.0618160 0.0720658 0.0506576 0.0661966 0.0702483 0.0679761 0.0584146 
10138_7023_7637_AY348517_B_NA_NA 0.0734119 0.0523951 0.0734645 0.0832318 0.0904582 0.0273578 0.0780634 0.0757569 0.0438465 0.0855149 0.0422171 0.0000000 0.0334529 0.0875513 0.0619137 0.0160475 0.0625324 0.0806122 0.0354613 0.0354613 0.0581164 0.0806122 0.0377472 0.0581164 0.0581164 0.0631616 0.0892306 0.0581164 0.0873809 0.0581164 0.0851515 0.0881962 0.0581164 0.0891444 0.0881337 0.0851515 0.0881962 0.0581164 0.0857094 0.0604005 0.0955604 0.0881739 0.0857094 0.0824828 0.0873234 0.0725477 0.0882314 0.0881739 0.0939531 0.0891190 0.0445121 0.0789008 0.0912964 0.0750224 0.0597361 0.1222800 0.1266541 0.0750224 0.0799777 0.0800863 0.1072262 0.1038651 0.1024706 0.0460223 0.0918907 0.0880081 0.0993607 0.0439590 0.1036025 0.0927068 0.0596230 0.1048031 0.0774804 0.1042177 0.1214927 0.0560431 0.0752709 0.0986919 0.1124134 0.1013331 0.0440022 0.0948470 0.0886568 0.0713267 0.0753666 0.1111719 0.1119918 0.1084699 0.0465785 0.1137810 0.1137810 0.1246215 0.0650689 0.0572860 0.0625909 0.1043115 0.0883585 0.1155818 0.0718178 0.0577275 0.1017759 0.0680085 0.0752549 0.0531778 0.0874928 0.0877000 0.0728726 0.0772048 0.1026340 0.0767193 0.0663102 0.0789170 0.0681427 0.0650698 0.0774774 0.1092181 0.0674464 0.0703918 0.0945006 0.0745240 0.0913164 0.0764209 0.1028633 0.0746924 0.0900503 0.0924926 0.1088091 0.0743565 0.1001637 0.0782080 0.0800893 0.0837401 0.1089927 0.1048725 0.0840549 0.0893545 0.0900370 0.0788197 0.0764398 0.0818414 0.0719585 0.0942365 0.0910941 0.0796301 0.0927006 0.0953058 0.0886343 0.0890616 0.0910941 0.0945045 0.0809934 0.0800818 0.0964154 0.0964154 0.0930363 0.0846643 0.0839476 0.0826144 0.0829564 0.0879070 0.0795114 0.0814813 0.0790899 0.0801352 0.0814813 0.0785253 0.0804858 0.0542466 0.0775303 0.1166388 0.0722184 0.1111003 0.0444696 0.0753882 0.0793432 0.0524395 0.0734595 0.0582521 0.0610857 0.0746125 0.1001448 0.0658401 0.0979471 0.0968528 0.1011393 0.0925550 0.0775144 0.0742140 0.0821730 0.0851850 0.1000122 0.0895528 0.0990521 0.0773236 0.0980634 0.0970608 0.0996986 0.0890325 
10138_7023_7637_AY348516_B_NA_NA 0.0797848 0.0682546 0.0798410 0.0776104 0.0797147 0.0086144 0.0844878 0.0821573 0.0591847 0.0750072 0.0553668 0.0334529 0.0000000 0.0801961 0.0681411 0.0403405 0.0664867 0.0703445 0.0085399 0.0085399 0.0620540 0.0703445 0.0103664 0.0620540 0.0620540 0.0671474 0.0771371 0.0620540 0.0753234 0.0620540 0.0778796 0.0776922 0.0620540 0.0785663 0.0776373 0.0778796 0.0776922 0.0620540 0.0753313 0.0643509 0.0847065 0.0776745 0.0753313 0.0753290 0.0799941 0.0765826 0.0777239 0.0776745 0.0865050 0.0784914 0.0399113 0.0704275 0.0838287 0.0667739 0.0636486 0.1260223 0.1219327 0.0667739 0.0697963 0.0724394 0.1046232 0.1083238 0.0841111 0.0593801 0.0854210 0.0759839 0.1009188 0.0572105 0.1073963 0.0804533 0.0506953 0.0863122 0.0690502 0.0953949 0.1304694 0.0655454 0.0784224 0.1018924 0.1032868 0.0993402 0.0477959 0.0989838 0.0911874 0.0800412 0.0779817 0.1200434 0.1193975 0.1173076 0.0411082 0.1226782 0.1226782 0.1336417 0.0648351 0.0548480 0.0600549 0.1116518 0.0983115 0.1176829 0.0669719 0.0616469 0.1090931 0.0622715 0.0692784 0.0498468 0.0807479 0.0809428 0.0669701 0.0754549 0.1099797 0.0762717 0.0659416 0.0784773 0.0677594 0.0648358 0.0770199 0.1165909 0.0691116 0.0699920 0.1017539 0.0742499 0.0985027 0.0729613 0.1001747 0.0722015 0.0971869 0.0996537 0.1067692 0.0662721 0.0938887 0.0779158 0.0717750 0.0802591 0.1069490 0.1028555 0.0790008 0.0855938 0.0862434 0.0738940 0.0715627 0.0768276 0.0744685 0.0889551 0.0859007 0.0760717 0.0903956 0.0899760 0.0834931 0.0839178 0.0859007 0.0892213 0.0760255 0.0779172 0.0910923 0.0910923 0.0891669 0.0795864 0.0789237 0.0804294 0.0779717 0.0828136 0.0745575 0.0765102 0.0741675 0.0751359 0.0765102 0.0736125 0.0755553 0.0730278 0.0929509 0.1255789 0.0741237 0.1198825 0.0526318 0.0794353 0.0948182 0.0562820 0.0729206 0.0580456 0.0608677 0.0743392 0.1073950 0.0656019 0.1051952 0.1016145 0.1032939 0.0997221 0.0799697 0.0687102 0.0765066 0.0801619 0.0959996 0.0857742 0.0936579 0.0769423 0.0926498 0.0917316 0.0943054 0.0852611 
10138_7023_7637_AY348515_B_NA_NA 0.0975388 0.1005248 0.0976082 0.0244398 0.0262021 0.0832825 0.1026756 0.1001345 0.1098408 0.0225397 0.0945472 0.0875513 0.0801961 0.0000000 0.0897587 0.0823574 0.0854079 0.0189290 0.0731568 0.0731568 0.0854901 0.0189290 0.0760397 0.0854901 0.0854901 0.0912049 0.0101591 0.0854901 0.0118213 0.0854901 0.0100996 0.0264117 0.0854901 0.0282421 0.0263920 0.0100996 0.0264117 0.0854901 0.0245489 0.0880140 0.0320329 0.0264094 0.0245489 0.0153365 0.0117992 0.1001692 0.0264247 0.0264094 0.0665819 0.0361310 0.0893676 0.0083949 0.0245702 0.0227903 0.0936970 0.0970254 0.0759098 0.0227903 0.0100849 0.0246259 0.0499752 0.0721025 0.0689689 0.0686801 0.0477673 0.0327182 0.0734965 0.0710316 0.0759399 0.0410241 0.0602520 0.0688448 0.0769836 0.0777124 0.1340956 0.0842341 0.0324604 0.0540466 0.0870085 0.0562284 0.0725125 0.0763419 0.0942268 0.0970594 0.0863489 0.1217175 0.1210550 0.1189458 0.0677738 0.1243854 0.1243854 0.1354882 0.0812245 0.0599495 0.0654503 0.1225416 0.1035024 0.1247750 0.0883804 0.0727658 0.1198880 0.0713444 0.0787161 0.0779145 0.0884030 0.0886098 0.0762958 0.0767155 0.1231016 0.0814965 0.0880935 0.0838366 0.0884008 0.0802356 0.0985129 0.1151980 0.0798933 0.0847038 0.1070668 0.0820808 0.1037069 0.0782425 0.1016611 0.0739977 0.0972207 0.0997196 0.1021862 0.0819776 0.0990447 0.0820269 0.0829076 0.0903937 0.1009299 0.1034765 0.0991549 0.0898203 0.0905068 0.0935891 0.0910861 0.0968437 0.0861540 0.1116344 0.1065260 0.1055748 0.0937353 0.1018765 0.1039418 0.0954148 0.1065260 0.1010196 0.0958714 0.0782299 0.1068195 0.1068195 0.1062007 0.0960639 0.0952285 0.0807614 0.0978646 0.1001327 0.0906742 0.0926645 0.0952545 0.0916969 0.0926645 0.0932627 0.0952545 0.0865136 0.0573543 0.1273252 0.0966136 0.1217839 0.0695833 0.0809090 0.0704806 0.0721165 0.0757175 0.0611278 0.0720905 0.0786865 0.1186822 0.0631322 0.1104951 0.1030486 0.1071065 0.1106581 0.0938611 0.0948211 0.0969426 0.0961813 0.1106955 0.0881413 0.1138657 0.0939504 0.1173593 0.1009656 0.1021937 0.1084353 
10138_7023_7637_AY348514_B_NA_NA 0.0121339 0.0177473 0.0121436 0.0885192 0.0928895 0.0710039 0.0157216 0.0139265 0.0292249 0.0878647 0.0578420 0.0619137 0.0681411 0.0897587 0.0000000 0.0676280 0.0597983 0.0878647 0.0659186 0.0659186 0.0554479 0.0878647 0.0686566 0.0554479 0.0554479 0.0603976 0.0914487 0.0554479 0.0874456 0.0554479 0.0873257 0.0865324 0.0554479 0.0888788 0.0864703 0.0873257 0.0865324 0.0554479 0.0840322 0.0532533 0.0939402 0.0865105 0.0840322 0.0846131 0.0895223 0.0696321 0.0865676 0.0865105 0.0864002 0.0896508 0.0672860 0.0809691 0.0866889 0.0752639 0.0617401 0.1053301 0.1081969 0.0752639 0.0849797 0.0851067 0.1110682 0.0642603 0.0893493 0.0414183 0.0831758 0.0867742 0.0928397 0.0393271 0.0998368 0.0808801 0.0843299 0.0916267 0.0860166 0.1002885 0.0971419 0.0640826 0.0790908 0.1071453 0.1026721 0.1099087 0.0337849 0.0726035 0.0529809 0.0625543 0.0458680 0.1034187 0.0941305 0.1007921 0.0482592 0.1059615 0.1059615 0.1165208 0.0591326 0.0488879 0.0539768 0.0967914 0.0875154 0.0974302 0.0658476 0.0380479 0.0943231 0.0574351 0.0645033 0.0506711 0.0710985 0.0712839 0.0621708 0.0738305 0.0951338 0.0580612 0.0571417 0.0618635 0.0634440 0.0571302 0.0679099 0.0965158 0.0468738 0.0519295 0.0872390 0.0618475 0.0841807 0.0514295 0.0751330 0.0590360 0.0768345 0.0791767 0.0836165 0.0616798 0.0738154 0.0578447 0.0671216 0.0659860 0.0837588 0.0847560 0.0661618 0.0630404 0.0635309 0.0612949 0.0590508 0.0640517 0.0624268 0.0801555 0.0678195 0.0680315 0.0659762 0.0682074 0.0655419 0.0627732 0.0678195 0.0676273 0.0585317 0.0602118 0.0679998 0.0679998 0.0722419 0.0631687 0.0626649 0.0625542 0.0604492 0.0650091 0.0584769 0.0603928 0.0626774 0.0589195 0.0603928 0.0562671 0.0581809 0.0543240 0.0673078 0.1035207 0.0749382 0.0891064 0.0611327 0.0497060 0.0691341 0.0315258 0.0592159 0.0434864 0.0608562 0.0591612 0.0864920 0.0477031 0.0892513 0.0849310 0.0888990 0.0840399 0.0613293 0.0650000 0.0623146 0.0625507 0.0726117 0.0631370 0.0799496 0.0603760 0.0758933 0.0746830 0.0723745 0.0658380 
10138_7023_7640_AY348513_B_NA_NA 0.0795190 0.0577263 0.0795762 0.0748408 0.0818524 0.0339375 0.0843242 0.0819429 0.0488821 0.0770648 0.0469197 0.0160475 0.0403405 0.0823574 0.0676280 0.0000000 0.0678038 0.0723200 0.0424397 0.0424397 0.0632825 0.0723200 0.0448664 0.0632825 0.0632825 0.0684866 0.0840438 0.0632825 0.0821989 0.0632825 0.0799904 0.0830430 0.0632825 0.0839630 0.0829837 0.0799904 0.0830430 0.0632825 0.0805974 0.0656267 0.0902956 0.0830228 0.0805974 0.0773767 0.0821450 0.0781187 0.0830768 0.0830228 0.0913795 0.0805974 0.0450079 0.0738811 0.0860618 0.0701091 0.0648989 0.1291686 0.1238844 0.0701091 0.0749130 0.0718324 0.1046073 0.1050017 0.0998736 0.0465279 0.0894205 0.0828422 0.0968012 0.0444431 0.1010270 0.0874698 0.0523080 0.1021955 0.0783348 0.1016232 0.1283530 0.0566666 0.0760991 0.1051369 0.1097576 0.1078482 0.0487201 0.1009943 0.0946757 0.0767882 0.0810105 0.1177963 0.1185873 0.1150274 0.0541524 0.1204646 0.1204646 0.1315620 0.0683140 0.0632864 0.0688574 0.1107335 0.0943652 0.1222987 0.0752011 0.0628622 0.1081396 0.0687648 0.0760896 0.0610573 0.0941518 0.0943705 0.0736822 0.0883854 0.1090358 0.0829546 0.0685653 0.0853161 0.0688970 0.0657897 0.0783303 0.1127280 0.0635820 0.0764591 0.1007000 0.0753449 0.0974107 0.0772725 0.1040036 0.0755171 0.0960831 0.0985824 0.1099997 0.0751916 0.1012810 0.0790738 0.0809873 0.0875122 0.1101865 0.1060264 0.0849948 0.0903461 0.0910405 0.0797012 0.0772966 0.0827595 0.0775755 0.0952845 0.0921060 0.0805228 0.0937370 0.0963698 0.0896208 0.0900510 0.0921060 0.0955545 0.0818975 0.0810034 0.0974848 0.0974848 0.0940738 0.0856135 0.0848819 0.0835632 0.0838777 0.0888802 0.0804037 0.0823897 0.0827153 0.0838199 0.0823897 0.0794030 0.0813808 0.0548490 0.0783813 0.1233984 0.0730100 0.1176551 0.0492328 0.0810305 0.0802109 0.0573749 0.0742755 0.0613559 0.0617640 0.0807940 0.1064252 0.0665704 0.1041931 0.1031105 0.1074791 0.0986509 0.0833031 0.0799034 0.0830800 0.0889078 0.1011197 0.0905501 0.1001503 0.0781799 0.0991608 0.0981349 0.1008009 0.0900264 
10138_7023_7637_AY348512_B_NA_NA 0.0712013 0.0646793 0.0712524 0.0882798 0.0904383 0.0693394 0.0758143 0.0735265 0.0600323 0.0855475 0.0193691 0.0625324 0.0664867 0.0854079 0.0597983 0.0678038 0.0000000 0.0806993 0.0641893 0.0641893 0.0033385 0.0806993 0.0669161 0.0067281 0.0033385 0.0102649 0.0870761 0.0067281 0.0852438 0.0067281 0.0830434 0.0860641 0.0067281 0.0883622 0.0860034 0.0830434 0.0860641 0.0067281 0.0836164 0.0084503 0.0933190 0.0860428 0.0836164 0.0804218 0.0851883 0.0173946 0.0860984 0.0860428 0.0863839 0.0891141 0.0476420 0.0753943 0.0940429 0.0762652 0.0191740 0.0780553 0.0961087 0.0762652 0.0779573 0.0828654 0.0970212 0.0736892 0.0836393 0.0468430 0.0889489 0.0736595 0.0788725 0.0489989 0.0830446 0.0682708 0.0671803 0.0858362 0.0662860 0.0834005 0.0968746 0.0573132 0.0768843 0.0922925 0.0880481 0.0948638 0.0417933 0.0531949 0.0569497 0.0491485 0.0600425 0.0813842 0.0823417 0.0789828 0.0598936 0.0837250 0.0837250 0.0934055 0.0417371 0.0651270 0.0707154 0.0708522 0.0638054 0.0806356 0.0478770 0.0289317 0.0686097 0.0419203 0.0468376 0.0649811 0.0620713 0.0622367 0.0447153 0.0615882 0.0738419 0.0638789 0.0534182 0.0584627 0.0464516 0.0479327 0.0578965 0.0798906 0.0546516 0.0577302 0.0666347 0.0480046 0.0639227 0.0493421 0.0639073 0.0506632 0.0629481 0.0651327 0.0740487 0.0511306 0.0645864 0.0467981 0.0561895 0.0567697 0.0741714 0.0704237 0.0581114 0.0582271 0.0586788 0.0534699 0.0513147 0.0560732 0.0508332 0.0763138 0.0643145 0.0566593 0.0596421 0.0658561 0.0620947 0.0605230 0.0643145 0.0652987 0.0533286 0.0579328 0.0675413 0.0675413 0.0652591 0.0564277 0.0559872 0.0602413 0.0552150 0.0596394 0.0518831 0.0537786 0.0559975 0.0546476 0.0537786 0.0511328 0.0530154 0.0606395 0.0646058 0.0862429 0.0748133 0.0807002 0.0507873 0.0530823 0.0663706 0.0396736 0.0646937 0.0397141 0.0484130 0.0570761 0.0719286 0.0401704 0.0698967 0.0665027 0.0691501 0.0651706 0.0488206 0.0428371 0.0574474 0.0564471 0.0702046 0.0584135 0.0740771 0.0525847 0.0732441 0.0722512 0.0644514 0.0578332 
10138_7023_7637_AY348511_B_NA_NA 0.0956363 0.0986175 0.0957049 0.0118402 0.0135402 0.0732889 0.1007694 0.0982297 0.1079165 0.0100793 0.0896732 0.0806122 0.0703445 0.0189290 0.0878647 0.0723200 0.0806993 0.0000000 0.0634968 0.0634968 0.0807768 0.0000010 0.0662521 0.0807768 0.0807768 0.0863989 0.0190360 0.0807768 0.0135861 0.0807768 0.0153714 0.0246064 0.0807768 0.0264295 0.0245879 0.0153714 0.0246064 0.0807768 0.0227540 0.0832692 0.0302000 0.0246043 0.0227540 0.0171364 0.0171014 0.0966355 0.0246186 0.0246043 0.0564076 0.0227540 0.0812728 0.0136289 0.0302678 0.0246833 0.0888633 0.0877496 0.0687155 0.0246833 0.0083876 0.0119305 0.0435835 0.0680266 0.0589704 0.0641857 0.0414128 0.0269849 0.0574798 0.0665087 0.0641818 0.0350704 0.0506160 0.0632339 0.0739286 0.0657538 0.1378243 0.0795644 0.0267684 0.0448177 0.0747248 0.0469055 0.0679768 0.0695040 0.0923326 0.0922276 0.0894506 0.1252705 0.1245818 0.1224630 0.0638936 0.1279702 0.1279702 0.1392104 0.0765333 0.0550335 0.0603985 0.1260989 0.1068139 0.1228511 0.0836158 0.0682119 0.1234143 0.0667744 0.0740469 0.0739538 0.0837026 0.0839035 0.0716552 0.0721675 0.1266685 0.0783455 0.0848475 0.0819620 0.0851465 0.0755687 0.0951633 0.1186481 0.0780386 0.0815015 0.1104421 0.0773649 0.1070262 0.0746750 0.0946199 0.0756499 0.1004449 0.1029738 0.1002617 0.0761068 0.1008368 0.0773141 0.0818631 0.0837982 0.1004346 0.1015445 0.1030109 0.0862335 0.0869031 0.0973277 0.0947789 0.1006605 0.0829492 0.1082749 0.1046020 0.1036548 0.0918409 0.0999476 0.1020193 0.0935089 0.1046020 0.0991017 0.0939577 0.0740296 0.1048913 0.1048913 0.1042791 0.0941462 0.0933265 0.0765512 0.0959589 0.0982311 0.0887660 0.0907645 0.0911131 0.0923629 0.0907645 0.0913518 0.0933517 0.0817685 0.0509722 0.1309506 0.0947364 0.1253376 0.0651032 0.0762403 0.0637296 0.0676004 0.0711327 0.0567100 0.0675773 0.0740518 0.1221892 0.0587119 0.1138940 0.1063667 0.1089034 0.1140656 0.0905308 0.0864082 0.0936124 0.0870821 0.1034865 0.0862664 0.1156967 0.0915994 0.1099170 0.0990528 0.0951598 0.1012333 
10138_7023_7637_AY348510_B_NA_NA 0.0728559 0.0660335 0.0729078 0.0706033 0.0726862 0.0103807 0.0774662 0.0751801 0.0614113 0.0680687 0.0575827 0.0354613 0.0085399 0.0731568 0.0659186 0.0424397 0.0641893 0.0634968 0.0000000 0.0000010 0.0597877 0.0634968 0.0016934 0.0597877 0.0597877 0.0648286 0.0702019 0.0597877 0.0683900 0.0597877 0.0708794 0.0707962 0.0597877 0.0716301 0.0707456 0.0708794 0.0707962 0.0597877 0.0684857 0.0620661 0.0776745 0.0707811 0.0684857 0.0683959 0.0729736 0.0741886 0.0708260 0.0707811 0.0791824 0.0715261 0.0419887 0.0636088 0.0767475 0.0600933 0.0570038 0.1179699 0.1139458 0.0600933 0.0629987 0.0655606 0.0969885 0.1006623 0.0770109 0.0616199 0.0782518 0.0690835 0.0933689 0.0594347 0.0997685 0.0734702 0.0443471 0.0791860 0.0668056 0.0880084 0.1277880 0.0632901 0.0714616 0.0943841 0.0957429 0.0969736 0.0457332 0.0915478 0.0887806 0.0777408 0.0756803 0.1174240 0.1167951 0.1147061 0.0350772 0.1200434 0.1200434 0.1309382 0.0580674 0.0484547 0.0534887 0.1090931 0.0958446 0.1150774 0.0646583 0.0594623 0.1065491 0.0600640 0.0670188 0.0435746 0.0797877 0.0799805 0.0647259 0.0731892 0.1074238 0.0693846 0.0636991 0.0761381 0.0609185 0.0626052 0.0699817 0.1140076 0.0668607 0.0677280 0.0992509 0.0719523 0.0960307 0.0706614 0.0976774 0.0699114 0.0947345 0.0971869 0.1026241 0.0640017 0.0914111 0.0755749 0.0694608 0.0763044 0.1027974 0.1038971 0.0738359 0.0803592 0.0809711 0.0688338 0.0665410 0.0716919 0.0721756 0.0865196 0.0834931 0.0785001 0.0830383 0.0875224 0.0810998 0.0815246 0.0834931 0.0867860 0.0736830 0.0754793 0.0870864 0.0870864 0.0867331 0.0772063 0.0765659 0.0779758 0.0756276 0.0804382 0.0722153 0.0741675 0.0718384 0.0727748 0.0741675 0.0712864 0.0732285 0.0721073 0.0855845 0.1229229 0.0671887 0.1172893 0.0505140 0.0771070 0.0874332 0.0584696 0.0706236 0.0558585 0.0586600 0.0720504 0.1048780 0.0633572 0.1026850 0.0991106 0.1008126 0.0972531 0.0776274 0.0664248 0.0741920 0.0778099 0.0935284 0.0833716 0.0911911 0.0746136 0.0901693 0.0843529 0.0918409 0.0800072 
