194
105696_6223_7786_MF777533_B_NA_NA 0.0000000 0.0290152 0.0209608 0.0218817 0.0252414 0.0102646 0.0170823 0.0331475 0.0264219 0.0139967 0.0202680 0.0204725 0.0109998 0.0186519 0.0103700 0.0177818 0.0204969 0.0201004 0.0212835 0.0287722 0.0270843 0.0180184 0.0125498 0.0202446 0.0219977 0.0306134 0.0184977 0.0173352 0.0228303 0.0196985 0.0234345 0.0210593 0.0109614 0.0210292 0.0204878 0.0228639 0.0219420 0.0212802 0.0204449 0.0219642 0.0172403 0.0354259 0.0391642 0.0465573 0.0542071 0.0443251 0.0521978 0.0381470 0.0364286 0.0372407 0.0383032 0.0441837 0.0464783 0.0544943 0.0493057 0.0363589 0.0542071 0.0512252 0.0382559 0.0561837 0.0354447 0.0542435 0.0504583 0.0497874 0.0577372 0.0590991 0.0508819 0.0520667 0.0539576 0.0591014 0.0590751 0.0907525 0.0502667 0.0536467 0.0626224 0.0450627 0.0553375 0.0531130 0.0590583 0.0583122 0.0565849 0.0542847 0.0527300 0.0590214 0.0522685 0.0529515 0.0737301 0.0843672 0.0746190 0.0679613 0.0770516 0.0835427 0.0809091 0.0669492 0.0685122 0.0674041 0.0688936 0.0660526 0.0755229 0.0647494 0.0693985 0.0712453 0.0670264 0.0721594 0.0717516 0.0844351 0.0741721 0.0685658 0.0662725 0.0694206 0.0646924 0.0755836 0.0682098 0.0694091 0.0785943 0.0643707 0.0704421 0.0826234 0.0697628 0.0826234 0.0755843 0.0835553 0.0814582 0.0827723 0.0827312 0.0856634 0.0809937 0.0789918 0.0768311 0.0849503 0.0838433 0.0682708 0.0776622 0.0887091 0.0862016 0.0903648 0.0783136 0.0952227 0.0918999 0.0957348 0.0950457 0.0982355 0.1012105 0.1027462 0.0963533 0.0965704 0.0995927 0.0855471 0.1018240 0.1031286 0.0908302 0.1031827 0.0901647 0.1024271 0.1069262 0.0940222 0.1031639 0.0948976 0.1018240 0.0987632 0.0997836 0.1043076 0.1115567 0.1011837 0.0884167 0.1011154 0.1147367 0.1071277 0.1098822 0.1061316 0.1015598 0.1039393 0.1029741 0.1080392 0.1079073 0.1036339 0.1080348 0.1068586 0.1106974 0.1080392 0.1115567 0.1032942 0.1023146 0.1115611 0.1102554 0.1035066 0.1101050 0.1036513 0.1038177 0.1036513 0.1056166 0.1053356 0.1037346 0.1038181 
105696_6223_7781_MF777532_B_NA_NA 0.0290152 0.0000000 0.0179305 0.0154956 0.0155829 0.0245461 0.0222230 0.0139500 0.0102691 0.0255970 0.0124935 0.0126428 0.0221795 0.0170029 0.0281327 0.0299435 0.0203318 0.0234707 0.0148775 0.0117501 0.0123429 0.0337117 0.0256352 0.0348495 0.0382862 0.0401589 0.0314488 0.0366621 0.0356400 0.0374895 0.0125027 0.0375963 0.0236990 0.0393470 0.0366011 0.0357023 0.0346162 0.0375042 0.0329718 0.0346542 0.0258222 0.0381755 0.0478080 0.0561032 0.0677863 0.0490667 0.0655860 0.0399271 0.0410368 0.0390090 0.0409269 0.0486636 0.0560054 0.0610283 0.0585613 0.0389399 0.0677863 0.0645254 0.0408762 0.0699364 0.0438410 0.0678344 0.0578751 0.0564499 0.0655133 0.0661340 0.0533511 0.0588287 0.0567447 0.0661361 0.0661059 0.0843207 0.0576466 0.0564397 0.0655584 0.0515458 0.0601937 0.0578920 0.0660869 0.0632396 0.0585123 0.0611440 0.0567262 0.0639984 0.0570350 0.0557422 0.0751567 0.0768978 0.0760428 0.0671601 0.0710493 0.0760876 0.0733964 0.0682784 0.0698743 0.0687583 0.0702539 0.0695457 0.0769533 0.0682070 0.0656904 0.0726315 0.0683671 0.0710385 0.0706475 0.0859708 0.0755963 0.0699191 0.0676101 0.0707916 0.0660060 0.0770166 0.0717501 0.0707791 0.0739765 0.0678172 0.0718227 0.0814749 0.0708568 0.0814749 0.0750264 0.0823955 0.0803142 0.0818273 0.0815823 0.0821754 0.0798541 0.0791260 0.0759878 0.0837934 0.0826899 0.0671781 0.0774079 0.0875304 0.0874033 0.0843690 0.0771881 0.0976321 0.0881852 0.0929072 0.0964106 0.1007140 0.1051852 0.1053083 0.0987961 0.0979485 0.1020965 0.0854529 0.1043703 0.1056951 0.0931832 0.1057517 0.0888776 0.1035318 0.1055476 0.0878593 0.1057315 0.0973156 0.1043703 0.1012608 0.1022899 0.1020335 0.1071209 0.0994246 0.0973157 0.1014765 0.1179507 0.1027839 0.1130215 0.1092139 0.1000673 0.0996632 0.1040947 0.1111540 0.1034551 0.1018523 0.1035615 0.1024445 0.1062695 0.1111540 0.1071209 0.0989464 0.1026794 0.1071241 0.1058446 0.0991461 0.1055908 0.0998572 0.1000167 0.0998572 0.1017858 0.1015113 0.0999372 0.1000173 
105696_6223_7786_MF777531_B_NA_NA 0.0209608 0.0179305 0.0000000 0.0131072 0.0102666 0.0186959 0.0245482 0.0217398 0.0156155 0.0212405 0.0102124 0.0103205 0.0195101 0.0130664 0.0219903 0.0172931 0.0162258 0.0146947 0.0110172 0.0162608 0.0162081 0.0272649 0.0227843 0.0246331 0.0315847 0.0351360 0.0234729 0.0283319 0.0307720 0.0291232 0.0130721 0.0305195 0.0225885 0.0304726 0.0299768 0.0308571 0.0281210 0.0308323 0.0299045 0.0264549 0.0298209 0.0325097 0.0428185 0.0495797 0.0600466 0.0469475 0.0579528 0.0369239 0.0352251 0.0360284 0.0370759 0.0486984 0.0475914 0.0536786 0.0511806 0.0369548 0.0600466 0.0569410 0.0370303 0.0621001 0.0390077 0.0600879 0.0558041 0.0535241 0.0623238 0.0659080 0.0525852 0.0558533 0.0529542 0.0659101 0.0658802 0.0864417 0.0547951 0.0543990 0.0615703 0.0487111 0.0571793 0.0569227 0.0658613 0.0622230 0.0594595 0.0560639 0.0565540 0.0608483 0.0560708 0.0537049 0.0762398 0.0793449 0.0744553 0.0660379 0.0730592 0.0776300 0.0761227 0.0671469 0.0687146 0.0695620 0.0690952 0.0683928 0.0757343 0.0692695 0.0661479 0.0714509 0.0672255 0.0732493 0.0728254 0.0846596 0.0721731 0.0687673 0.0664706 0.0696243 0.0635660 0.0780921 0.0705768 0.0718499 0.0735274 0.0666832 0.0706472 0.0813797 0.0753685 0.0813797 0.0747130 0.0820523 0.0802218 0.0817301 0.0823834 0.0820783 0.0797631 0.0790354 0.0768450 0.0836924 0.0825917 0.0715690 0.0805396 0.0874190 0.0882157 0.0867437 0.0779813 0.0992085 0.0906400 0.0934959 0.0979741 0.1006746 0.1068162 0.1079598 0.1013715 0.0995221 0.1037128 0.0878821 0.1060030 0.1073344 0.0937737 0.1073922 0.0903972 0.1061668 0.1054997 0.0893760 0.1073712 0.0972823 0.1060030 0.1038752 0.1049056 0.1040881 0.1092034 0.1014283 0.1002685 0.1035185 0.1201871 0.1048198 0.1152033 0.1113539 0.1020911 0.1016646 0.1061600 0.1133177 0.1055008 0.1038793 0.1056169 0.1044722 0.1083477 0.1133177 0.1092034 0.1009414 0.1047350 0.1092072 0.1079144 0.1011472 0.1076662 0.1013335 0.1014955 0.1013335 0.1032735 0.1029970 0.1014147 0.1014960 
105696_6223_7786_MF777530_B_NA_NA 0.0218817 0.0154956 0.0131072 0.0000000 0.0109046 0.0177542 0.0219168 0.0176549 0.0132309 0.0186797 0.0080268 0.0081113 0.0170329 0.0108322 0.0194835 0.0227091 0.0138910 0.0168113 0.0102229 0.0155575 0.0153455 0.0295174 0.0202604 0.0322831 0.0321219 0.0374464 0.0257551 0.0306046 0.0313471 0.0313966 0.0094115 0.0331962 0.0169704 0.0348727 0.0322561 0.0331073 0.0320711 0.0331173 0.0304824 0.0321054 0.0287981 0.0403054 0.0461639 0.0542603 0.0666345 0.0515967 0.0644747 0.0392871 0.0413499 0.0383851 0.0394447 0.0511743 0.0541671 0.0600622 0.0566718 0.0375060 0.0666345 0.0634333 0.0393965 0.0687461 0.0422906 0.0666808 0.0583828 0.0570082 0.0681534 0.0696286 0.0539249 0.0593765 0.0593152 0.0696306 0.0695989 0.0894940 0.0602326 0.0590162 0.0660212 0.0521271 0.0607371 0.0604645 0.0695789 0.0658447 0.0620943 0.0616812 0.0601091 0.0666227 0.0596079 0.0583229 0.0787591 0.0848951 0.0796259 0.0727986 0.0759706 0.0840728 0.0814544 0.0717630 0.0734145 0.0723012 0.0737847 0.0708913 0.0805371 0.0717133 0.0721168 0.0761827 0.0718806 0.0771990 0.0767164 0.0896478 0.0791838 0.0734349 0.0711324 0.0743375 0.0694962 0.0806038 0.0752960 0.0743225 0.0789400 0.0713183 0.0753739 0.0878128 0.0770102 0.0878128 0.0788561 0.0887992 0.0866243 0.0882428 0.0879225 0.0885395 0.0861397 0.0854919 0.0825487 0.0901840 0.0890582 0.0731775 0.0836536 0.0940510 0.0939375 0.0908800 0.0833900 0.1045737 0.0948677 0.0987451 0.1032947 0.1077921 0.1123790 0.1125357 0.1058105 0.1048785 0.1092203 0.0920661 0.1115703 0.1129270 0.0990513 0.1129896 0.0955667 0.1107125 0.1127002 0.0945364 0.1129657 0.1042883 0.1115703 0.1083830 0.1094168 0.1097144 0.1148704 0.1069331 0.1061563 0.1091146 0.1262055 0.1103893 0.1211024 0.1171637 0.1076472 0.1071625 0.1118005 0.1191794 0.1110920 0.1094304 0.1112343 0.1100213 0.1140083 0.1191794 0.1148704 0.1064267 0.1103598 0.1148757 0.1135552 0.1066471 0.1133230 0.1067352 0.1069070 0.1067352 0.1087260 0.1084404 0.1068211 0.1069071 
105696_6223_7786_MF777529_B_NA_NA 0.0252414 0.0155829 0.0102666 0.0109046 0.0000000 0.0178540 0.0220403 0.0193025 0.0148048 0.0203660 0.0094686 0.0081570 0.0171288 0.0152618 0.0227699 0.0196266 0.0154492 0.0153935 0.0087491 0.0156454 0.0169480 0.0313724 0.0219750 0.0324633 0.0340213 0.0376128 0.0275274 0.0324883 0.0332359 0.0332893 0.0108753 0.0351214 0.0201523 0.0368210 0.0341626 0.0350646 0.0322484 0.0333016 0.0323914 0.0305470 0.0306819 0.0368794 0.0463688 0.0524949 0.0647806 0.0498386 0.0626371 0.0394616 0.0396830 0.0385557 0.0396201 0.0494307 0.0524047 0.0582587 0.0549003 0.0376726 0.0647806 0.0616029 0.0395715 0.0668782 0.0424785 0.0648256 0.0588599 0.0564569 0.0676079 0.0690825 0.0533686 0.0588272 0.0579527 0.0690845 0.0690530 0.0875988 0.0586274 0.0574179 0.0668000 0.0515689 0.0601871 0.0599160 0.0690331 0.0653016 0.0604610 0.0611338 0.0595574 0.0660773 0.0590573 0.0567225 0.0773292 0.0815480 0.0778218 0.0692484 0.0741469 0.0811204 0.0796629 0.0681745 0.0720037 0.0717526 0.0723775 0.0716658 0.0791151 0.0703139 0.0693923 0.0747700 0.0704786 0.0766497 0.0761742 0.0881947 0.0777604 0.0720339 0.0697256 0.0729254 0.0667550 0.0791809 0.0738848 0.0729113 0.0769391 0.0699202 0.0739607 0.0848700 0.0764610 0.0848700 0.0782844 0.0867430 0.0836939 0.0852643 0.0858864 0.0855846 0.0832203 0.0825348 0.0792278 0.0872176 0.0861018 0.0726313 0.0840156 0.0910257 0.0918412 0.0903389 0.0813963 0.1030406 0.0943232 0.0972349 0.1017722 0.1045611 0.1108020 0.1119787 0.1052596 0.1033484 0.1076542 0.0915215 0.1099908 0.1113423 0.0975330 0.1114036 0.0940732 0.1101564 0.1081382 0.0930435 0.1113805 0.1011042 0.1099908 0.1078279 0.1088629 0.1081149 0.1132671 0.1053639 0.1034425 0.1075228 0.1245172 0.1088071 0.1194416 0.1155231 0.1060645 0.1055955 0.1102002 0.1175268 0.1095047 0.1078520 0.1096397 0.1084443 0.1124056 0.1175268 0.1132671 0.1048622 0.1087617 0.1132719 0.1119574 0.1050788 0.1117205 0.1051953 0.1053646 0.1051953 0.1071749 0.1068913 0.1052800 0.1053648 
105696_6223_7786_MF777528_B_NA_NA 0.0102646 0.0245461 0.0186959 0.0177542 0.0178540 0.0000000 0.0081115 0.0243387 0.0204641 0.0088099 0.0162296 0.0163927 0.0073653 0.0208518 0.0095309 0.0124244 0.0227126 0.0131235 0.0156308 0.0246287 0.0226991 0.0170489 0.0080910 0.0179423 0.0178251 0.0284826 0.0191046 0.0171254 0.0193658 0.0163403 0.0192522 0.0218601 0.0073405 0.0218287 0.0171008 0.0163391 0.0154978 0.0194003 0.0155591 0.0148061 0.0170528 0.0360319 0.0435586 0.0471334 0.0569525 0.0469792 0.0549166 0.0367911 0.0370351 0.0359009 0.0369421 0.0447267 0.0470537 0.0572508 0.0519861 0.0350367 0.0569525 0.0539320 0.0368968 0.0589525 0.0397446 0.0569912 0.0521870 0.0522883 0.0603198 0.0617021 0.0492821 0.0545903 0.0556989 0.0617043 0.0616768 0.0918005 0.0519883 0.0573941 0.0644082 0.0475275 0.0578973 0.0556469 0.0616593 0.0608894 0.0583698 0.0568301 0.0552755 0.0616198 0.0548015 0.0567003 0.0747293 0.0863177 0.0756118 0.0668103 0.0780731 0.0845726 0.0819563 0.0679191 0.0694969 0.0692447 0.0698751 0.0670295 0.0765153 0.0657216 0.0658475 0.0722313 0.0680044 0.0740419 0.0736068 0.0831312 0.0751678 0.0695436 0.0672532 0.0704064 0.0656649 0.0765770 0.0691911 0.0703942 0.0805163 0.0653413 0.0714287 0.0836353 0.0716330 0.0836353 0.0766377 0.0854864 0.0824681 0.0837934 0.0846451 0.0843426 0.0820005 0.0777140 0.0801894 0.0859659 0.0825399 0.0692567 0.0772905 0.0897378 0.0857802 0.0913962 0.0801958 0.0962684 0.0914456 0.0943066 0.0936294 0.0967782 0.0997257 0.1022281 0.0958727 0.0951391 0.0981213 0.0853788 0.1003287 0.1016221 0.0894420 0.1016747 0.0887907 0.1019112 0.1053953 0.0926118 0.1016568 0.0934741 0.1003287 0.0982666 0.0992830 0.1054019 0.1126549 0.1022635 0.0878968 0.1022005 0.1158615 0.1055729 0.1109954 0.1072361 0.1026452 0.1050208 0.1040625 0.1091494 0.1089996 0.1047173 0.1091319 0.1079449 0.1117962 0.1091494 0.1126549 0.1017744 0.1034024 0.1099637 0.1113512 0.1045904 0.1112054 0.1047154 0.1048834 0.1047154 0.1066866 0.1064044 0.1047995 0.1048837 
105696_6223_7786_MF777527_B_NA_NA 0.0170823 0.0222230 0.0245482 0.0219168 0.0220403 0.0081115 0.0000000 0.0210415 0.0197638 0.0155072 0.0218963 0.0205300 0.0110175 0.0267756 0.0147865 0.0163310 0.0287982 0.0185710 0.0213179 0.0207031 0.0219984 0.0227790 0.0109619 0.0237554 0.0243523 0.0320006 0.0232910 0.0218792 0.0225990 0.0193612 0.0218848 0.0262387 0.0109790 0.0278474 0.0218466 0.0210551 0.0201587 0.0242347 0.0202353 0.0204204 0.0154669 0.0380143 0.0438181 0.0493146 0.0583830 0.0491862 0.0563212 0.0379628 0.0390421 0.0370616 0.0371574 0.0487828 0.0482509 0.0586878 0.0542525 0.0369971 0.0583830 0.0553244 0.0388931 0.0604071 0.0399789 0.0584227 0.0544886 0.0526094 0.0627621 0.0641777 0.0515131 0.0569184 0.0560449 0.0641799 0.0641509 0.0937876 0.0542783 0.0577527 0.0648136 0.0497286 0.0582582 0.0579963 0.0641327 0.0612699 0.0577915 0.0592017 0.0576309 0.0620073 0.0571405 0.0570553 0.0729793 0.0882211 0.0738731 0.0672334 0.0798844 0.0864602 0.0837562 0.0662237 0.0699432 0.0696902 0.0654987 0.0674577 0.0747769 0.0661400 0.0673556 0.0726944 0.0684390 0.0722826 0.0740812 0.0813600 0.0756522 0.0699871 0.0676844 0.0708586 0.0660831 0.0748367 0.0696341 0.0708460 0.0823485 0.0657568 0.0718874 0.0841771 0.0720993 0.0841771 0.0796796 0.0860449 0.0830021 0.0843410 0.0851931 0.0848898 0.0825301 0.0770877 0.0820832 0.0865229 0.0830747 0.0697022 0.0786711 0.0903235 0.0863408 0.0919926 0.0784425 0.0944200 0.0896147 0.0934178 0.0917920 0.0949115 0.0978454 0.1003316 0.0940151 0.0932938 0.0962465 0.0835697 0.0984396 0.0997283 0.0885340 0.0997795 0.0893735 0.1000177 0.1034977 0.0907745 0.0984396 0.0916262 0.0984396 0.0963870 0.0974050 0.1034579 0.1106960 0.1029492 0.0811468 0.1002765 0.1138513 0.1036471 0.1090115 0.1052719 0.1007201 0.1031002 0.1021306 0.1071729 0.1070553 0.1054188 0.1071788 0.1060124 0.1098372 0.1071729 0.1106960 0.0998654 0.1014720 0.1080158 0.1093979 0.1026661 0.1092441 0.1028258 0.1029909 0.1028258 0.1047845 0.1045047 0.1029085 0.1029913 
105696_6223_7786_MF777526_B_NA_NA 0.0331475 0.0139500 0.0217398 0.0176549 0.0193025 0.0243387 0.0210415 0.0000000 0.0131927 0.0279448 0.0161380 0.0178466 0.0261070 0.0223144 0.0305045 0.0323395 0.0210155 0.0257557 0.0170697 0.0147219 0.0153001 0.0379756 0.0276286 0.0391570 0.0397557 0.0385866 0.0355797 0.0387087 0.0394658 0.0377429 0.0161298 0.0438120 0.0260054 0.0437402 0.0368649 0.0359764 0.0349013 0.0395469 0.0350138 0.0371504 0.0255067 0.0425172 0.0504263 0.0608374 0.0727516 0.0556491 0.0705063 0.0442982 0.0454516 0.0433624 0.0434725 0.0532281 0.0607315 0.0659153 0.0633167 0.0432842 0.0727516 0.0694253 0.0452681 0.0749409 0.0464180 0.0728037 0.0626759 0.0591403 0.0704610 0.0719644 0.0580070 0.0635972 0.0614871 0.0719663 0.0719333 0.0925756 0.0624251 0.0611905 0.0704699 0.0561651 0.0650093 0.0626482 0.0719126 0.0659968 0.0633667 0.0659646 0.0601951 0.0667777 0.0617846 0.0604945 0.0789497 0.0888207 0.0798174 0.0729701 0.0797283 0.0879902 0.0853359 0.0719316 0.0758083 0.0746897 0.0739601 0.0754538 0.0807307 0.0740715 0.0722883 0.0786057 0.0742448 0.0773867 0.0791549 0.0884118 0.0816549 0.0758139 0.0723809 0.0767431 0.0718275 0.0807968 0.0777088 0.0767262 0.0827473 0.0736710 0.0777909 0.0904041 0.0794837 0.0904041 0.0828158 0.0914216 0.0891996 0.0908676 0.0905153 0.0887567 0.0887034 0.0857031 0.0853286 0.0928063 0.0892765 0.0755741 0.0838573 0.0967412 0.0917347 0.0935282 0.0835917 0.1048388 0.0926473 0.0974751 0.1010101 0.1054449 0.1099953 0.1101406 0.1034836 0.1025792 0.1068584 0.0898677 0.1091840 0.1105307 0.0977753 0.1105913 0.0933442 0.1083322 0.1103300 0.0923176 0.1105686 0.1019747 0.1091840 0.1060214 0.1070540 0.1100022 0.1151696 0.1072095 0.0972471 0.1093997 0.1265437 0.1080011 0.1214251 0.1174746 0.1079276 0.1074390 0.1120928 0.1194966 0.1113804 0.1097137 0.1115244 0.1103057 0.1143056 0.1194966 0.1151696 0.1040727 0.1106487 0.1124476 0.1138506 0.1069228 0.1136189 0.1070060 0.1056732 0.1070060 0.1090030 0.1087164 0.1070923 0.1071787 
105696_6223_7786_MF777525_B_NA_NA 0.0264219 0.0102691 0.0156155 0.0132309 0.0148048 0.0204641 0.0197638 0.0131927 0.0000000 0.0214469 0.0117620 0.0118876 0.0213001 0.0162158 0.0238993 0.0256383 0.0164164 0.0194604 0.0126226 0.0109976 0.0087681 0.0327208 0.0230885 0.0338407 0.0354265 0.0409460 0.0304607 0.0338671 0.0363917 0.0346818 0.0132115 0.0383484 0.0212191 0.0382867 0.0355734 0.0346847 0.0336149 0.0364659 0.0319877 0.0336516 0.0265734 0.0407652 0.0485855 0.0568678 0.0685217 0.0517851 0.0663272 0.0407103 0.0436637 0.0397930 0.0417101 0.0494389 0.0567692 0.0618418 0.0593159 0.0397226 0.0685217 0.0652695 0.0416588 0.0706653 0.0446225 0.0685701 0.0606843 0.0572095 0.0683842 0.0698636 0.0541181 0.0595840 0.0595231 0.0698656 0.0698337 0.0911306 0.0604435 0.0592240 0.0684079 0.0523155 0.0609489 0.0606749 0.0698137 0.0660682 0.0613510 0.0618947 0.0603196 0.0668493 0.0598166 0.0585295 0.0790162 0.0864900 0.0798828 0.0708732 0.0774970 0.0856643 0.0830588 0.0720009 0.0736580 0.0725439 0.0740289 0.0733142 0.0807954 0.0719517 0.0701765 0.0764321 0.0721197 0.0774547 0.0769680 0.0899258 0.0794407 0.0736776 0.0713717 0.0745837 0.0697306 0.0808616 0.0755437 0.0745685 0.0804865 0.0715565 0.0756221 0.0880875 0.0772655 0.0880875 0.0804640 0.0890778 0.0868967 0.0885214 0.0881975 0.0888162 0.0864106 0.0857655 0.0829206 0.0904633 0.0893355 0.0734218 0.0839203 0.0943395 0.0942265 0.0911624 0.0836546 0.1048848 0.0951598 0.1000484 0.1036024 0.1081115 0.1127065 0.1128648 0.1061256 0.1051892 0.1095427 0.0923529 0.1118976 0.1132567 0.1003627 0.1133195 0.0958597 0.1110384 0.1130261 0.0948280 0.1132955 0.1046006 0.1118976 0.1087048 0.1097395 0.1072816 0.1152056 0.1072539 0.1012438 0.1094422 0.1265673 0.1107161 0.1214547 0.1175087 0.1079715 0.1074830 0.1121323 0.1195284 0.1114205 0.1097555 0.1115644 0.1103467 0.1143426 0.1195284 0.1152056 0.1067460 0.1106899 0.1152110 0.1138881 0.1069674 0.1136567 0.1070498 0.1072223 0.1070498 0.1090449 0.1087585 0.1071360 0.1072224 
105696_6223_7786_MF777524_B_NA_NA 0.0139967 0.0255970 0.0212405 0.0186797 0.0203660 0.0088099 0.0155072 0.0279448 0.0214469 0.0000000 0.0171316 0.0173053 0.0095010 0.0218247 0.0117307 0.0132367 0.0237246 0.0154726 0.0149584 0.0256820 0.0237123 0.0194426 0.0110112 0.0203707 0.0218298 0.0287071 0.0169120 0.0203863 0.0226831 0.0227982 0.0201985 0.0243775 0.0094867 0.0243417 0.0219290 0.0203487 0.0202364 0.0227246 0.0203850 0.0202566 0.0187899 0.0355011 0.0430695 0.0407204 0.0503016 0.0413847 0.0483356 0.0362655 0.0301818 0.0353702 0.0364152 0.0385058 0.0406534 0.0486537 0.0436494 0.0345016 0.0503016 0.0473825 0.0363712 0.0522398 0.0392334 0.0503355 0.0495483 0.0486992 0.0568068 0.0581617 0.0457384 0.0509603 0.0550233 0.0581640 0.0581381 0.0899960 0.0493611 0.0535816 0.0606444 0.0460440 0.0574165 0.0521999 0.0581215 0.0563694 0.0566568 0.0535469 0.0537758 0.0580851 0.0523283 0.0528864 0.0707619 0.0799083 0.0716658 0.0630017 0.0740004 0.0790885 0.0764076 0.0641002 0.0656116 0.0645062 0.0660008 0.0653045 0.0725670 0.0640029 0.0622409 0.0683283 0.0641526 0.0713999 0.0688191 0.0813779 0.0712156 0.0656859 0.0633945 0.0644702 0.0618457 0.0726241 0.0674617 0.0665034 0.0742322 0.0628747 0.0675269 0.0795752 0.0679900 0.0795752 0.0710763 0.0804772 0.0784217 0.0763401 0.0796821 0.0790403 0.0779688 0.0756098 0.0736912 0.0818804 0.0807824 0.0653680 0.0736283 0.0855819 0.0843530 0.0837590 0.0753255 0.0918219 0.0861308 0.0913669 0.0882847 0.0947694 0.0967351 0.1007926 0.0929179 0.0922028 0.0976588 0.0825021 0.1011453 0.1024512 0.0889445 0.1025049 0.0844424 0.1004766 0.1008639 0.0896878 0.1024864 0.0914814 0.1011453 0.0968276 0.0991050 0.0994719 0.1052943 0.0966813 0.0876668 0.0965617 0.1124273 0.1009744 0.1076091 0.1038860 0.0954948 0.0978671 0.1009919 0.1057772 0.1032712 0.0990674 0.1018222 0.1009074 0.1044420 0.1057772 0.1052943 0.0982138 0.0962280 0.1052970 0.1040221 0.0987576 0.1038472 0.0991654 0.0993239 0.0991654 0.1010912 0.1008174 0.0992449 0.0993246 
105696_6223_7786_MF777523_B_NA_NA 0.0202680 0.0124935 0.0102124 0.0080268 0.0094686 0.0162296 0.0218963 0.0161380 0.0117620 0.0171316 0.0000000 0.0067074 0.0170167 0.0108219 0.0194652 0.0211082 0.0124069 0.0153121 0.0073975 0.0155427 0.0138602 0.0277956 0.0202414 0.0288372 0.0320932 0.0338575 0.0273517 0.0288594 0.0312844 0.0296452 0.0080051 0.0331304 0.0184689 0.0313360 0.0304942 0.0296464 0.0286471 0.0313450 0.0270882 0.0286774 0.0270797 0.0349001 0.0423510 0.0502467 0.0623377 0.0476183 0.0602288 0.0356536 0.0394323 0.0347719 0.0358009 0.0453576 0.0501610 0.0559230 0.0526278 0.0339173 0.0623377 0.0592106 0.0357572 0.0644040 0.0385747 0.0623802 0.0562709 0.0529344 0.0637805 0.0652075 0.0499213 0.0552429 0.0551731 0.0652096 0.0651802 0.0845287 0.0560520 0.0548669 0.0638382 0.0481633 0.0565552 0.0563028 0.0651616 0.0615597 0.0578207 0.0574894 0.0559340 0.0622960 0.0554567 0.0541761 0.0741012 0.0800492 0.0749850 0.0662270 0.0713139 0.0792349 0.0765730 0.0673311 0.0688947 0.0677907 0.0692736 0.0664403 0.0758860 0.0672549 0.0654966 0.0716194 0.0674113 0.0725376 0.0721256 0.0847804 0.0745411 0.0689454 0.0666609 0.0698005 0.0650831 0.0759469 0.0707487 0.0697888 0.0742278 0.0668712 0.0708190 0.0829726 0.0723548 0.0829726 0.0730453 0.0829993 0.0818101 0.0833418 0.0821835 0.0836762 0.0813458 0.0806399 0.0775755 0.0852943 0.0841899 0.0686545 0.0789000 0.0881251 0.0889236 0.0850329 0.0786706 0.0992892 0.0885628 0.0923209 0.0967660 0.1010624 0.1055221 0.1056463 0.0991488 0.0983003 0.1024418 0.0858378 0.1047106 0.1060319 0.0925921 0.1060885 0.0892527 0.1038743 0.1072308 0.0882379 0.1060682 0.0976720 0.1047106 0.1016093 0.1026346 0.1015257 0.1092619 0.1015048 0.0996301 0.1035905 0.1202244 0.1048881 0.1152501 0.1114086 0.1021665 0.1017404 0.1062256 0.1133684 0.1055676 0.1039498 0.1056837 0.1045411 0.1084082 0.1133684 0.1092619 0.1010191 0.1048040 0.1092656 0.1079757 0.1012244 0.1077283 0.1014089 0.1015705 0.1014089 0.1033444 0.1030684 0.1014899 0.1015710 
105696_6223_7786_MF777522_B_NA_NA 0.0204725 0.0126428 0.0103205 0.0081113 0.0081570 0.0163927 0.0205300 0.0178466 0.0118876 0.0173053 0.0067074 0.0000000 0.0156696 0.0109360 0.0196616 0.0213213 0.0140244 0.0162639 0.0088959 0.0142028 0.0140064 0.0244522 0.0188820 0.0254517 0.0286420 0.0320913 0.0259879 0.0254712 0.0262048 0.0262453 0.0095009 0.0279700 0.0171254 0.0295972 0.0270740 0.0262455 0.0262613 0.0279052 0.0237540 0.0253094 0.0256945 0.0340978 0.0415234 0.0509680 0.0632187 0.0467687 0.0610819 0.0348505 0.0368387 0.0339713 0.0349956 0.0463886 0.0508802 0.0567183 0.0533760 0.0331200 0.0632187 0.0600505 0.0349529 0.0653113 0.0377590 0.0632621 0.0557355 0.0533660 0.0632664 0.0657462 0.0501506 0.0547103 0.0556250 0.0657483 0.0657184 0.0873517 0.0545276 0.0533470 0.0623020 0.0485567 0.0570192 0.0567628 0.0656996 0.0600133 0.0583021 0.0569623 0.0554000 0.0628076 0.0559110 0.0526527 0.0736103 0.0827999 0.0760403 0.0657218 0.0739464 0.0819800 0.0793395 0.0660988 0.0683915 0.0672828 0.0687735 0.0680715 0.0754057 0.0667498 0.0693394 0.0711261 0.0669058 0.0751743 0.0716326 0.0843237 0.0740545 0.0685800 0.0661512 0.0693004 0.0645714 0.0754663 0.0702525 0.0692889 0.0754701 0.0663654 0.0703223 0.0825091 0.0749879 0.0825091 0.0731393 0.0846022 0.0813432 0.0839725 0.0837653 0.0817454 0.0808794 0.0833942 0.0743920 0.0848377 0.0837299 0.0725783 0.0784253 0.0897850 0.0869473 0.0851506 0.0781983 0.0987887 0.0878188 0.0915738 0.0976334 0.1018960 0.1047666 0.1065192 0.0999658 0.0991818 0.1032873 0.0866127 0.1055758 0.1069071 0.0933565 0.1069647 0.0885096 0.1047333 0.1068325 0.0860288 0.1069439 0.0984771 0.1055758 0.1024507 0.1034814 0.1036538 0.1070276 0.0994042 0.0955518 0.1030860 0.1197496 0.1026864 0.1147655 0.1109162 0.1016600 0.0995631 0.1057276 0.1128795 0.1034423 0.1018364 0.1035488 0.1024298 0.1057527 0.1128795 0.1070276 0.0989251 0.1043016 0.1070307 0.1057499 0.0991252 0.1055823 0.0993470 0.0995052 0.0993470 0.1012668 0.1009937 0.0994263 0.0995058 
105696_6223_7786_MF777521_B_NA_NA 0.0109998 0.0221795 0.0195101 0.0170329 0.0171288 0.0073653 0.0110175 0.0261070 0.0213001 0.0095010 0.0170167 0.0156696 0.0000000 0.0216765 0.0060153 0.0102207 0.0219697 0.0138790 0.0133247 0.0206358 0.0219554 0.0132347 0.0053332 0.0140746 0.0154838 0.0251468 0.0123523 0.0155793 0.0147858 0.0179427 0.0170080 0.0163450 0.0080440 0.0178385 0.0155573 0.0163244 0.0139835 0.0163107 0.0171676 0.0139964 0.0156378 0.0317487 0.0427590 0.0462847 0.0560821 0.0422042 0.0540508 0.0360082 0.0344521 0.0351196 0.0361573 0.0400432 0.0462064 0.0563775 0.0511271 0.0342578 0.0560821 0.0530681 0.0361129 0.0580786 0.0389533 0.0561201 0.0482356 0.0506834 0.0566474 0.0565397 0.0476900 0.0529726 0.0509445 0.0565420 0.0565171 0.0835934 0.0480548 0.0513734 0.0594571 0.0459419 0.0542661 0.0520605 0.0565012 0.0572227 0.0522357 0.0552002 0.0502967 0.0579203 0.0512195 0.0506810 0.0678391 0.0774586 0.0689901 0.0617881 0.0712137 0.0775416 0.0760338 0.0628760 0.0628133 0.0632587 0.0647476 0.0604483 0.0712503 0.0591979 0.0631132 0.0670519 0.0629162 0.0678752 0.0675326 0.0799629 0.0699049 0.0644399 0.0606426 0.0652504 0.0578699 0.0713044 0.0640729 0.0652417 0.0727389 0.0595128 0.0662557 0.0767442 0.0655281 0.0767442 0.0731112 0.0776100 0.0756113 0.0768366 0.0768492 0.0796928 0.0751728 0.0731369 0.0721509 0.0790092 0.0779291 0.0649577 0.0750487 0.0826248 0.0824890 0.0866496 0.0725855 0.0904641 0.0872022 0.0909476 0.0902925 0.0917983 0.0962819 0.0977672 0.0915412 0.0917806 0.0946951 0.0830447 0.0968661 0.0981449 0.0861341 0.0981947 0.0878926 0.0974594 0.1002616 0.0892796 0.0981785 0.0885728 0.0968661 0.0938689 0.0948830 0.0992096 0.1063469 0.0987454 0.0838895 0.0961019 0.1093590 0.1020194 0.1046222 0.1009613 0.0965380 0.0989058 0.0979204 0.1028173 0.1027717 0.1011713 0.1028752 0.1017648 0.1054956 0.1028173 0.1063469 0.0982689 0.0972728 0.1063499 0.1050730 0.0984671 0.1049028 0.0987003 0.0988574 0.0987003 0.1006134 0.1003415 0.0987791 0.0988580 
105696_6219_7786_MF777520_B_NA_NA 0.0186519 0.0170029 0.0130664 0.0108322 0.0152618 0.0208518 0.0267756 0.0223144 0.0162158 0.0218247 0.0108219 0.0109360 0.0216765 0.0000000 0.0226498 0.0235491 0.0123801 0.0198579 0.0131110 0.0201573 0.0183636 0.0312128 0.0250450 0.0340182 0.0356197 0.0392362 0.0272879 0.0323221 0.0347914 0.0331198 0.0136874 0.0359515 0.0215961 0.0366366 0.0339894 0.0348501 0.0337954 0.0348603 0.0321911 0.0338317 0.0286710 0.0401311 0.0459658 0.0540307 0.0663601 0.0513755 0.0642081 0.0429096 0.0411709 0.0419879 0.0430768 0.0531443 0.0539382 0.0598117 0.0564346 0.0410843 0.0663601 0.0631704 0.0430242 0.0684645 0.0421080 0.0664058 0.0581352 0.0567685 0.0678711 0.0685036 0.0579157 0.0591279 0.0590663 0.0685057 0.0684745 0.0891335 0.0599794 0.0587676 0.0657484 0.0519054 0.0604826 0.0602117 0.0684550 0.0655728 0.0618312 0.0614240 0.0590583 0.0663464 0.0593578 0.0580760 0.0784434 0.0845537 0.0793096 0.0725101 0.0756627 0.0837328 0.0811172 0.0714787 0.0731207 0.0720106 0.0734905 0.0727799 0.0779161 0.0714275 0.0726778 0.0758794 0.0715937 0.0768868 0.0764099 0.0892948 0.0788692 0.0731429 0.0708472 0.0740404 0.0692187 0.0802841 0.0749959 0.0740256 0.0786205 0.0710342 0.0750732 0.0874647 0.0766989 0.0874647 0.0785241 0.0884449 0.0862806 0.0878893 0.0875741 0.0881881 0.0857983 0.0851479 0.0822028 0.0898274 0.0887055 0.0728840 0.0833204 0.0936784 0.0935642 0.0905187 0.0830596 0.1041595 0.0944894 0.0983519 0.1028865 0.1073631 0.1119338 0.1120880 0.1053893 0.1044643 0.1087856 0.0916977 0.1111263 0.1124784 0.0986554 0.1125404 0.0951863 0.1102713 0.1122568 0.0941590 0.1125168 0.1038728 0.1111263 0.1079502 0.1089815 0.1092692 0.1144119 0.1065032 0.1056402 0.1086730 0.1256972 0.1099473 0.1206132 0.1166892 0.1072118 0.1067326 0.1113501 0.1186969 0.1106469 0.1089918 0.1107868 0.1095817 0.1135520 0.1186969 0.1144119 0.1059993 0.1099134 0.1144171 0.1131013 0.1062182 0.1128684 0.1063138 0.1064845 0.1063138 0.1082967 0.1080123 0.1063992 0.1064846 
105696_6223_7786_MF777519_B_NA_NA 0.0103700 0.0281327 0.0219903 0.0194835 0.0227699 0.0095309 0.0147865 0.0305045 0.0238993 0.0117307 0.0194652 0.0196616 0.0060153 0.0226498 0.0000000 0.0139496 0.0229569 0.0162277 0.0141361 0.0282206 0.0228614 0.0155988 0.0074323 0.0195524 0.0179112 0.0278470 0.0161345 0.0164898 0.0202834 0.0204568 0.0210110 0.0203641 0.0102234 0.0203360 0.0179944 0.0203131 0.0194249 0.0187669 0.0212043 0.0194441 0.0211916 0.0400102 0.0459125 0.0514855 0.0608164 0.0492371 0.0587179 0.0389840 0.0410607 0.0380747 0.0391422 0.0450476 0.0513973 0.0611333 0.0556963 0.0371889 0.0608164 0.0577043 0.0390940 0.0628737 0.0420101 0.0608578 0.0555683 0.0548425 0.0630657 0.0629535 0.0517696 0.0571984 0.0571312 0.0629557 0.0629274 0.0928262 0.0553523 0.0547701 0.0659598 0.0499785 0.0585444 0.0582803 0.0629095 0.0636373 0.0598642 0.0594908 0.0564616 0.0643996 0.0574224 0.0561293 0.0747603 0.0839151 0.0773320 0.0705520 0.0798690 0.0864503 0.0838385 0.0695224 0.0695171 0.0700244 0.0715178 0.0670448 0.0782438 0.0657343 0.0720396 0.0739055 0.0696214 0.0748793 0.0744293 0.0873023 0.0768863 0.0711766 0.0672689 0.0720606 0.0656775 0.0783074 0.0708252 0.0720471 0.0814224 0.0660848 0.0730948 0.0854703 0.0724452 0.0854703 0.0784462 0.0864362 0.0842876 0.0856467 0.0855797 0.0885601 0.0838102 0.0818218 0.0811255 0.0878310 0.0867092 0.0709004 0.0813291 0.0916644 0.0915453 0.0933443 0.0810808 0.0982917 0.0949242 0.0988231 0.0981111 0.1013758 0.1043974 0.1059681 0.0994585 0.0996616 0.1027578 0.0896721 0.1050308 0.1063540 0.0938526 0.1064109 0.0956269 0.1056414 0.1101876 0.0970791 0.1063905 0.0979792 0.1050308 0.1019249 0.1029508 0.1076106 0.1149403 0.1070572 0.0936495 0.1043593 0.1182328 0.1104402 0.1132963 0.1094832 0.1048089 0.1071995 0.1062459 0.1114264 0.1112383 0.1095677 0.1113820 0.1101614 0.1140747 0.1114264 0.1149403 0.1065478 0.1055787 0.1149456 0.1136196 0.1067697 0.1134816 0.1068559 0.1070288 0.1068559 0.1088575 0.1085703 0.1069424 0.1070289 
105696_6223_7786_MF777518_B_NA_NA 0.0177818 0.0299435 0.0172931 0.0227091 0.0196266 0.0124244 0.0163310 0.0323395 0.0256383 0.0132367 0.0211082 0.0213213 0.0102207 0.0235491 0.0139496 0.0000000 0.0262139 0.0147588 0.0172792 0.0283064 0.0279582 0.0218028 0.0146881 0.0211517 0.0242338 0.0329769 0.0176245 0.0227775 0.0251032 0.0269592 0.0226494 0.0251163 0.0146100 0.0267944 0.0243413 0.0251703 0.0226105 0.0251499 0.0244622 0.0210336 0.0243921 0.0363261 0.0458324 0.0475286 0.0594484 0.0452924 0.0573704 0.0408752 0.0373383 0.0399540 0.0410388 0.0470358 0.0474478 0.0577398 0.0524254 0.0409022 0.0594484 0.0563662 0.0409881 0.0614873 0.0419359 0.0594891 0.0536391 0.0559837 0.0621337 0.0641585 0.0530548 0.0583578 0.0554184 0.0641607 0.0641318 0.0928894 0.0534321 0.0557717 0.0621030 0.0510858 0.0597181 0.0594481 0.0641135 0.0648426 0.0599856 0.0585768 0.0576185 0.0634601 0.0585868 0.0561946 0.0751811 0.0837857 0.0750783 0.0666020 0.0799173 0.0829598 0.0803173 0.0677178 0.0676964 0.0701569 0.0696836 0.0673805 0.0754888 0.0682545 0.0667184 0.0720545 0.0678017 0.0761382 0.0734394 0.0853491 0.0750087 0.0693516 0.0654642 0.0702180 0.0625791 0.0787377 0.0711753 0.0724574 0.0789135 0.0664180 0.0712469 0.0820497 0.0760068 0.0820497 0.0793523 0.0838884 0.0808845 0.0805730 0.0830592 0.0850890 0.0804214 0.0807272 0.0785299 0.0843769 0.0832695 0.0721760 0.0812040 0.0881316 0.0913499 0.0922669 0.0786255 0.0969508 0.0938322 0.0967460 0.0960479 0.0983797 0.1022648 0.1055612 0.0990732 0.0975841 0.1013747 0.0886026 0.1036293 0.1049443 0.0925322 0.1049999 0.0935824 0.1052359 0.1063354 0.0950195 0.1049802 0.0950378 0.1036293 0.1015298 0.1025539 0.1048513 0.1126940 0.1048758 0.0897426 0.1003286 0.1181326 0.1082341 0.1132015 0.1093925 0.1007721 0.1050228 0.1048157 0.1113335 0.1090211 0.1073671 0.1091542 0.1079613 0.1118312 0.1113335 0.1126940 0.1043743 0.1015244 0.1126986 0.1113841 0.1045903 0.1112377 0.1047159 0.1048848 0.1047159 0.1066967 0.1064131 0.1048004 0.1048850 
105696_6223_7786_MF777517_B_NA_NA 0.0204969 0.0203318 0.0162258 0.0138910 0.0154492 0.0227126 0.0287982 0.0210155 0.0164164 0.0237246 0.0124069 0.0140244 0.0219697 0.0123801 0.0229569 0.0262139 0.0000000 0.0216778 0.0132727 0.0220085 0.0186117 0.0351276 0.0253823 0.0380479 0.0378617 0.0397490 0.0260146 0.0362976 0.0388352 0.0353478 0.0138538 0.0408185 0.0218862 0.0389472 0.0380146 0.0389044 0.0377975 0.0389150 0.0361441 0.0378387 0.0290895 0.0406531 0.0465558 0.0566923 0.0692821 0.0539978 0.0670843 0.0434641 0.0435399 0.0425321 0.0436339 0.0538160 0.0565943 0.0625919 0.0591316 0.0416176 0.0692821 0.0660252 0.0435803 0.0714282 0.0426538 0.0693310 0.0609676 0.0574758 0.0686969 0.0701830 0.0586362 0.0598601 0.0597992 0.0701849 0.0701528 0.0911151 0.0607248 0.0595002 0.0687185 0.0525621 0.0612316 0.0609555 0.0701326 0.0663698 0.0626046 0.0621803 0.0606003 0.0671554 0.0600945 0.0588039 0.0802624 0.0864702 0.0811255 0.0742268 0.0774689 0.0856437 0.0830353 0.0731808 0.0748627 0.0737454 0.0752317 0.0745127 0.0820416 0.0731385 0.0757732 0.0776510 0.0733096 0.0787006 0.0781946 0.0912380 0.0806837 0.0748743 0.0725615 0.0757929 0.0709033 0.0821095 0.0767574 0.0757768 0.0804612 0.0727400 0.0768370 0.0893905 0.0785097 0.0893905 0.0804377 0.0903963 0.0881917 0.0898411 0.0895011 0.0901262 0.0876998 0.0870700 0.0829257 0.0917816 0.0906470 0.0746273 0.0851967 0.0956915 0.0955812 0.0924936 0.0849215 0.1063207 0.0965271 0.1004414 0.1050246 0.1095803 0.1142058 0.1143717 0.1075784 0.1066233 0.1110232 0.0937014 0.1133973 0.1147649 0.1007568 0.1148292 0.0972295 0.1125329 0.1145175 0.0961937 0.1148043 0.1060425 0.1133973 0.1101837 0.1112209 0.1115581 0.1167370 0.1087308 0.1050442 0.1109470 0.1282072 0.1122153 0.1230564 0.1190816 0.1094634 0.1089586 0.1136526 0.1211178 0.1129264 0.1112484 0.1130778 0.1118400 0.1158710 0.1211178 0.1167370 0.1082169 0.1122043 0.1167427 0.1154106 0.1084427 0.1151831 0.1084984 0.1086738 0.1084984 0.1105098 0.1102206 0.1085860 0.1086738 
105696_6219_7786_MF777516_B_NA_NA 0.0201004 0.0234707 0.0146947 0.0168113 0.0153935 0.0131235 0.0185710 0.0257557 0.0194604 0.0154726 0.0153121 0.0162639 0.0138790 0.0198579 0.0162277 0.0147588 0.0216778 0.0000000 0.0162253 0.0219332 0.0216634 0.0258983 0.0185176 0.0252484 0.0284119 0.0352755 0.0231753 0.0269292 0.0293111 0.0277026 0.0167677 0.0311117 0.0167988 0.0310643 0.0285338 0.0293905 0.0267319 0.0293672 0.0252010 0.0251082 0.0268476 0.0384055 0.0460602 0.0496220 0.0615562 0.0494984 0.0594747 0.0409929 0.0394272 0.0400847 0.0411545 0.0491421 0.0495382 0.0598517 0.0545232 0.0410194 0.0615562 0.0564915 0.0411044 0.0635964 0.0440235 0.0615982 0.0547617 0.0580991 0.0622042 0.0668047 0.0530015 0.0604781 0.0565553 0.0668068 0.0667767 0.0952985 0.0525969 0.0580010 0.0652839 0.0531976 0.0618487 0.0605637 0.0667578 0.0669718 0.0610944 0.0607012 0.0612200 0.0656007 0.0597085 0.0573096 0.0756976 0.0860860 0.0751127 0.0676940 0.0802270 0.0843453 0.0829392 0.0688041 0.0703951 0.0712476 0.0707700 0.0700670 0.0774199 0.0709414 0.0678208 0.0731304 0.0688965 0.0775197 0.0745118 0.0863705 0.0760752 0.0715258 0.0681471 0.0713055 0.0652259 0.0775393 0.0722558 0.0735340 0.0817683 0.0683492 0.0723286 0.0807964 0.0773887 0.0807964 0.0778620 0.0849241 0.0796482 0.0834569 0.0840913 0.0841190 0.0814634 0.0797943 0.0813529 0.0830900 0.0843019 0.0732561 0.0822446 0.0867813 0.0927180 0.0912132 0.0796709 0.1035256 0.0952057 0.0981214 0.1024413 0.1050453 0.1059382 0.1124428 0.1057406 0.1040161 0.1081299 0.0896253 0.1078125 0.1091463 0.0955416 0.1092054 0.0949548 0.1106258 0.1047015 0.0939264 0.1091836 0.1015976 0.1078125 0.1083042 0.1067068 0.1072414 0.1130240 0.1062703 0.1008750 0.1034679 0.1217265 0.1085772 0.1167351 0.1145806 0.1027511 0.1053751 0.1079921 0.1165653 0.1077455 0.1087590 0.1078716 0.1093494 0.1121646 0.1165653 0.1130240 0.1031547 0.1046757 0.1130288 0.1117181 0.1059853 0.1099318 0.1060851 0.1062556 0.1060851 0.1080675 0.1077833 0.1061704 0.1062557 
105696_6223_7786_MF777515_B_NA_NA 0.0212835 0.0148775 0.0110172 0.0102229 0.0087491 0.0156308 0.0213179 0.0170697 0.0126226 0.0149584 0.0073975 0.0088959 0.0133247 0.0131110 0.0141361 0.0172792 0.0132727 0.0162253 0.0000000 0.0164718 0.0132275 0.0254331 0.0148844 0.0264498 0.0279670 0.0314147 0.0233966 0.0264702 0.0288740 0.0308348 0.0101952 0.0306879 0.0178812 0.0306406 0.0280891 0.0272515 0.0262737 0.0289295 0.0282315 0.0263013 0.0282240 0.0379537 0.0456274 0.0537580 0.0653539 0.0489399 0.0631917 0.0387239 0.0407919 0.0378180 0.0388811 0.0466423 0.0536652 0.0587747 0.0553848 0.0369359 0.0653539 0.0621487 0.0388332 0.0674691 0.0417382 0.0653997 0.0599926 0.0565187 0.0677092 0.0675942 0.0534207 0.0588970 0.0588337 0.0675963 0.0675655 0.0881937 0.0597538 0.0585323 0.0677380 0.0516153 0.0602618 0.0599895 0.0675461 0.0653938 0.0616183 0.0612114 0.0581578 0.0661727 0.0591280 0.0578342 0.0766456 0.0822830 0.0792304 0.0702062 0.0755519 0.0836896 0.0810512 0.0713370 0.0713460 0.0718704 0.0733644 0.0710130 0.0801472 0.0696675 0.0695008 0.0757722 0.0714514 0.0767872 0.0763082 0.0892953 0.0787868 0.0730144 0.0690797 0.0739179 0.0674650 0.0802133 0.0748815 0.0739031 0.0785343 0.0700402 0.0749594 0.0874514 0.0765977 0.0874514 0.0772270 0.0884397 0.0862580 0.0878795 0.0875617 0.0881807 0.0857722 0.0851158 0.0821441 0.0898326 0.0887019 0.0727521 0.0832745 0.0937132 0.0935983 0.0905292 0.0830122 0.1031283 0.0945307 0.0984229 0.1029910 0.1063310 0.1121055 0.1110616 0.1043548 0.1045804 0.1077551 0.0917178 0.1100983 0.1114535 0.0987284 0.1115151 0.0952330 0.1092412 0.1124297 0.0941979 0.1114919 0.1028353 0.1100983 0.1069151 0.1079518 0.1080528 0.1146031 0.1066368 0.1057942 0.1088240 0.1244936 0.1101061 0.1194058 0.1154779 0.1073516 0.1068676 0.1115203 0.1174863 0.1108110 0.1091436 0.1109526 0.1097375 0.1137374 0.1174863 0.1146031 0.1061290 0.1100737 0.1146083 0.1132832 0.1063497 0.1130492 0.1064436 0.1066157 0.1064436 0.1084412 0.1081546 0.1065296 0.1066158 
105696_6223_7786_MF777514_B_NA_NA 0.0287722 0.0117501 0.0162608 0.0155575 0.0156454 0.0246287 0.0207031 0.0147219 0.0109976 0.0256820 0.0155427 0.0142028 0.0206358 0.0201573 0.0282206 0.0283064 0.0220085 0.0219332 0.0164718 0.0000000 0.0130798 0.0338044 0.0257201 0.0327605 0.0365440 0.0402934 0.0298043 0.0367558 0.0357334 0.0375830 0.0140451 0.0354465 0.0237802 0.0371634 0.0366948 0.0376271 0.0347092 0.0375978 0.0348603 0.0347473 0.0276098 0.0401153 0.0499047 0.0582426 0.0700323 0.0520093 0.0678119 0.0437682 0.0430151 0.0428303 0.0429398 0.0515806 0.0581410 0.0632724 0.0607112 0.0427529 0.0700323 0.0667421 0.0447398 0.0721997 0.0458903 0.0700822 0.0609578 0.0587152 0.0700583 0.0715634 0.0575784 0.0631831 0.0610662 0.0715654 0.0715324 0.0915767 0.0607147 0.0594883 0.0700701 0.0557317 0.0645968 0.0622312 0.0715118 0.0655875 0.0616304 0.0655555 0.0618788 0.0663679 0.0613646 0.0587909 0.0785588 0.0869108 0.0779941 0.0725740 0.0778702 0.0860815 0.0846943 0.0715337 0.0754140 0.0742907 0.0735622 0.0750591 0.0803454 0.0736761 0.0718866 0.0782165 0.0738491 0.0769888 0.0787663 0.0894946 0.0812707 0.0754217 0.0730973 0.0763498 0.0700538 0.0804127 0.0773180 0.0763332 0.0808741 0.0732738 0.0773998 0.0885108 0.0790905 0.0885108 0.0833613 0.0881120 0.0873137 0.0889515 0.0886213 0.0892440 0.0868242 0.0861819 0.0819257 0.0908988 0.0897653 0.0760562 0.0867257 0.0947979 0.0922385 0.0940987 0.0817488 0.1044728 0.0947319 0.0996272 0.1031897 0.1060158 0.1123034 0.1124603 0.1057132 0.1047788 0.1091342 0.0928647 0.1114918 0.1128530 0.0999404 0.1129157 0.0954337 0.1106311 0.1109169 0.0943993 0.1128918 0.1025297 0.1114918 0.1082939 0.1093314 0.1096284 0.1148021 0.1068386 0.1025428 0.1090267 0.1261710 0.1103065 0.1210526 0.1171017 0.1075545 0.1070689 0.1117217 0.1191236 0.1110114 0.1093444 0.1111538 0.1099375 0.1139371 0.1191236 0.1148021 0.1063305 0.1102762 0.1148074 0.1134826 0.1065516 0.1132495 0.1066417 0.1068140 0.1066417 0.1086390 0.1083525 0.1067278 0.1068141 
