167
105695_787_2376_MF779827_B_NA_NA 0.0000000 0.0211041 0.0267817 0.0331368 0.0253932 0.0207775 0.0292750 0.0345545 0.0173875 0.0269648 0.0238984 0.0272432 0.0272009 0.0220555 0.0238217 0.0272081 0.0220900 0.0220353 0.0262361 0.0204726 0.0221326 0.0255171 0.0240382 0.0263899 0.0296427 0.0206520 0.0297769 0.0228413 0.0305084 0.0218407 0.0242564 0.0303169 0.0204801 0.0250991 0.0234884 0.0311539 0.0195739 0.0293902 0.0293647 0.0230474 0.0241926 0.0291599 0.0231156 0.0239618 0.0243007 0.0296267 0.0256007 0.0254119 0.0243187 0.0263276 0.0270294 0.0253829 0.0237837 0.0254559 0.0276122 0.0261956 0.0251413 0.0286571 0.0271603 0.0248279 0.0333758 0.0306636 0.0272765 0.0239114 0.0260914 0.0266198 0.0254279 0.0265951 0.0277725 0.0276035 0.0276035 0.0261258 0.0275810 0.0256972 0.0254046 0.0226440 0.0276403 0.0276035 0.0252855 0.0260168 0.0263494 0.0256972 0.0247810 0.0256571 0.0313942 0.0273047 0.0342924 0.0350824 0.0346798 0.0341597 0.0335324 0.0348024 0.0354063 0.0393680 0.0366249 0.0326024 0.0337774 0.0356917 0.0349451 0.0346798 0.0366592 0.0318796 0.0362560 0.0305742 0.0286095 0.0308692 0.0356560 0.0377994 0.0366263 0.0340103 0.0376498 0.0353665 0.0323953 0.0338815 0.0341971 0.0331888 0.0331833 0.0323594 0.0349307 0.0314465 0.0431955 0.0373947 0.0342945 0.0309051 0.0322842 0.0346151 0.0370826 0.0333631 0.0349023 0.0339077 0.0343735 0.0311892 0.0333094 0.0313907 0.0357505 0.0414027 0.0392857 0.0392857 0.0383929 0.0394138 0.0403495 0.0424096 0.0392857 0.0394138 0.0323281 0.0383584 0.0429624 0.0456419 0.0506724 0.0392580 0.0541075 0.0507864 0.0429624 0.0508434 0.0451469 0.0427150 0.0505902 0.0390995 0.0518105 0.0392580 0.0393750 0.0427996 0.0407009 0.0450545 0.0440319 0.0502078 0.0440107 
105695_787_2376_MF779826_B_NA_NA 0.0211041 0.0000000 0.0295040 0.0291385 0.0259707 0.0176897 0.0334422 0.0267858 0.0159842 0.0197062 0.0169318 0.0270686 0.0301662 0.0202667 0.0238357 0.0238804 0.0258559 0.0241858 0.0243345 0.0240222 0.0252357 0.0252482 0.0203166 0.0246544 0.0274582 0.0198538 0.0261203 0.0214939 0.0319231 0.0222737 0.0304830 0.0281318 0.0202134 0.0252428 0.0197085 0.0313437 0.0234847 0.0272236 0.0272006 0.0220391 0.0224963 0.0270102 0.0232443 0.0237026 0.0222749 0.0285094 0.0295536 0.0274084 0.0208199 0.0283463 0.0271873 0.0254783 0.0217071 0.0233929 0.0273261 0.0262953 0.0258929 0.0246113 0.0272660 0.0257972 0.0320037 0.0308514 0.0293196 0.0320979 0.0268479 0.0249259 0.0293062 0.0298258 0.0329176 0.0265142 0.0265142 0.0281856 0.0283538 0.0264616 0.0284690 0.0245705 0.0255118 0.0283767 0.0272189 0.0249405 0.0294487 0.0264616 0.0237273 0.0306583 0.0327031 0.0293488 0.0350948 0.0364562 0.0401874 0.0395972 0.0389644 0.0381857 0.0409214 0.0429266 0.0415664 0.0379913 0.0371232 0.0365046 0.0363339 0.0401874 0.0401482 0.0351621 0.0418128 0.0358573 0.0312995 0.0336253 0.0412026 0.0412847 0.0380370 0.0373798 0.0456081 0.0408877 0.0331921 0.0352272 0.0396398 0.0386508 0.0365335 0.0312111 0.0382548 0.0342009 0.0491560 0.0388169 0.0335947 0.0337589 0.0350458 0.0334383 0.0426596 0.0387837 0.0382256 0.0351895 0.0398458 0.0364735 0.0366067 0.0341407 0.0413157 0.0428185 0.0428489 0.0428489 0.0351068 0.0361016 0.0439491 0.0460762 0.0406663 0.0361016 0.0376911 0.0350759 0.0416163 0.0465054 0.0522458 0.0359554 0.0557336 0.0523649 0.0416163 0.0524234 0.0437744 0.0441557 0.0521612 0.0405447 0.0534019 0.0359554 0.0360659 0.0414592 0.0373390 0.0465372 0.0405720 0.0517656 0.0448626 
105695_787_2376_MF779825_B_NA_NA 0.0267817 0.0295040 0.0000000 0.0254907 0.0285631 0.0267074 0.0297461 0.0254700 0.0193951 0.0294854 0.0189675 0.0301976 0.0310302 0.0175080 0.0259815 0.0331950 0.0303816 0.0182713 0.0209279 0.0235883 0.0200424 0.0259575 0.0285220 0.0282612 0.0281195 0.0240157 0.0299691 0.0267018 0.0324699 0.0277491 0.0276561 0.0287880 0.0244542 0.0217775 0.0219843 0.0351509 0.0248465 0.0278809 0.0259720 0.0295083 0.0297732 0.0295742 0.0235657 0.0262296 0.0247456 0.0320150 0.0297912 0.0310914 0.0247135 0.0300794 0.0288985 0.0239818 0.0259909 0.0258948 0.0338291 0.0247799 0.0307634 0.0271587 0.0354454 0.0224522 0.0374630 0.0336976 0.0315062 0.0294928 0.0317715 0.0271062 0.0295463 0.0284773 0.0336477 0.0325385 0.0325385 0.0314371 0.0299368 0.0280306 0.0272557 0.0262581 0.0299982 0.0299604 0.0315361 0.0283691 0.0282194 0.0280306 0.0271043 0.0313806 0.0333666 0.0291906 0.0366596 0.0392269 0.0387766 0.0403336 0.0375762 0.0427693 0.0446780 0.0477277 0.0424994 0.0387289 0.0416600 0.0381543 0.0391370 0.0387766 0.0430018 0.0407626 0.0404570 0.0365911 0.0329055 0.0352586 0.0397790 0.0437641 0.0387048 0.0421431 0.0485562 0.0416293 0.0348140 0.0396923 0.0403767 0.0393867 0.0372654 0.0347760 0.0429206 0.0358309 0.0519524 0.0416420 0.0384276 0.0354506 0.0366755 0.0370637 0.0452611 0.0395218 0.0428905 0.0375934 0.0405858 0.0372045 0.0394602 0.0357680 0.0420611 0.0431946 0.0432252 0.0432252 0.0408776 0.0419093 0.0443343 0.0464783 0.0454637 0.0419093 0.0401793 0.0408409 0.0486459 0.0514709 0.0575456 0.0461577 0.0611702 0.0576798 0.0486459 0.0577424 0.0509282 0.0491122 0.0574539 0.0430178 0.0563827 0.0461577 0.0462872 0.0484598 0.0477256 0.0516059 0.0497624 0.0570232 0.0497381 
105695_787_2376_MF779824_B_NA_NA 0.0331368 0.0291385 0.0254907 0.0000000 0.0319837 0.0321183 0.0313511 0.0244147 0.0197901 0.0194563 0.0201875 0.0298915 0.0346562 0.0187403 0.0293992 0.0311100 0.0340002 0.0203660 0.0150584 0.0258827 0.0192331 0.0284006 0.0302051 0.0327501 0.0337137 0.0274705 0.0258292 0.0290885 0.0350942 0.0301790 0.0340285 0.0343878 0.0258943 0.0268234 0.0233066 0.0378425 0.0252874 0.0334287 0.0333991 0.0311026 0.0302152 0.0311709 0.0241317 0.0316885 0.0299909 0.0289737 0.0268329 0.0296965 0.0207833 0.0326059 0.0333854 0.0253739 0.0275516 0.0293250 0.0376416 0.0280829 0.0304649 0.0287060 0.0340286 0.0295490 0.0413809 0.0304799 0.0332171 0.0340599 0.0314817 0.0260193 0.0291671 0.0301777 0.0314128 0.0314335 0.0314335 0.0382309 0.0288169 0.0269331 0.0336576 0.0287151 0.0270219 0.0288398 0.0362251 0.0273144 0.0346894 0.0269331 0.0260690 0.0292084 0.0312091 0.0357164 0.0363494 0.0442524 0.0364309 0.0431845 0.0352628 0.0414043 0.0421963 0.0451957 0.0499822 0.0363886 0.0445599 0.0369373 0.0388974 0.0364309 0.0385030 0.0436430 0.0411929 0.0363629 0.0318107 0.0341337 0.0374167 0.0468051 0.0384683 0.0460761 0.0460949 0.0423066 0.0364929 0.0403466 0.0432303 0.0443532 0.0421321 0.0365202 0.0425761 0.0344766 0.0527650 0.0423195 0.0412317 0.0351163 0.0384633 0.0410201 0.0482792 0.0401732 0.0458320 0.0424982 0.0412504 0.0399625 0.0422947 0.0375376 0.0427462 0.0507182 0.0507527 0.0507527 0.0405962 0.0416351 0.0519303 0.0541993 0.0507527 0.0416351 0.0430642 0.0405595 0.0506622 0.0512534 0.0608257 0.0459080 0.0645402 0.0609693 0.0506622 0.0586180 0.0529928 0.0521660 0.0607294 0.0482632 0.0620637 0.0459080 0.0460381 0.0482256 0.0474856 0.0547332 0.0495360 0.0602763 0.0495117 
105695_787_2376_MF779823_B_NA_NA 0.0253932 0.0259707 0.0285631 0.0319837 0.0000000 0.0255543 0.0170133 0.0340898 0.0236313 0.0263314 0.0229413 0.0137083 0.0130346 0.0251742 0.0306684 0.0254996 0.0143854 0.0241936 0.0252348 0.0240302 0.0229752 0.0088980 0.0230235 0.0105698 0.0120721 0.0262970 0.0268396 0.0218572 0.0131365 0.0208453 0.0239789 0.0127316 0.0143264 0.0188303 0.0187013 0.0128851 0.0147657 0.0119734 0.0119642 0.0126907 0.0155405 0.0103554 0.0106010 0.0120981 0.0194765 0.0144929 0.0170073 0.0144529 0.0159744 0.0185947 0.0112154 0.0152335 0.0151145 0.0119315 0.0236503 0.0159870 0.0135607 0.0169147 0.0196426 0.0170551 0.0146199 0.0189055 0.0185327 0.0218078 0.0143700 0.0129827 0.0202034 0.0147320 0.0139736 0.0163996 0.0163996 0.0196836 0.0128509 0.0112981 0.0170099 0.0168867 0.0152388 0.0128629 0.0214684 0.0130366 0.0178574 0.0112981 0.0152576 0.0138446 0.0205562 0.0161265 0.0184356 0.0203902 0.0198568 0.0195411 0.0189200 0.0214324 0.0227730 0.0253683 0.0261123 0.0198069 0.0205395 0.0195136 0.0235882 0.0198568 0.0233398 0.0197540 0.0213034 0.0163885 0.0152641 0.0170745 0.0206745 0.0240754 0.0251585 0.0233680 0.0242608 0.0187710 0.0168223 0.0223487 0.0195647 0.0187404 0.0170357 0.0168374 0.0250659 0.0160223 0.0304860 0.0205242 0.0213702 0.0158755 0.0184085 0.0186668 0.0233766 0.0187970 0.0214978 0.0223650 0.0196599 0.0186673 0.0187660 0.0159934 0.0225138 0.0310273 0.0290901 0.0290901 0.0201516 0.0210004 0.0300628 0.0319570 0.0271119 0.0210004 0.0226156 0.0201352 0.0318832 0.0321725 0.0332951 0.0241711 0.0383419 0.0375088 0.0318832 0.0374189 0.0338607 0.0264000 0.0373665 0.0289541 0.0384563 0.0241711 0.0242565 0.0297476 0.0253340 0.0283914 0.0328531 0.0349431 0.0307928 
105695_787_2376_MF779822_B_NA_NA 0.0207775 0.0176897 0.0267074 0.0321183 0.0255543 0.0000000 0.0334587 0.0231196 0.0157346 0.0214398 0.0169426 0.0294081 0.0312123 0.0220366 0.0185709 0.0216883 0.0240772 0.0238093 0.0241772 0.0258292 0.0223128 0.0275388 0.0205814 0.0265590 0.0298388 0.0162695 0.0299131 0.0211997 0.0307106 0.0237119 0.0280202 0.0305174 0.0241605 0.0270901 0.0216081 0.0294397 0.0213670 0.0295830 0.0276080 0.0249690 0.0243437 0.0293499 0.0212638 0.0259547 0.0260386 0.0298223 0.0257639 0.0293041 0.0226338 0.0264432 0.0291259 0.0216949 0.0255297 0.0275240 0.0294201 0.0263099 0.0271308 0.0279072 0.0273347 0.0237554 0.0335993 0.0328888 0.0313084 0.0296689 0.0281063 0.0267905 0.0271889 0.0287043 0.0298665 0.0297399 0.0297399 0.0279973 0.0277599 0.0258616 0.0253833 0.0283320 0.0278198 0.0277827 0.0291601 0.0281246 0.0263275 0.0258616 0.0267886 0.0276852 0.0356215 0.0294204 0.0345233 0.0374035 0.0369434 0.0363927 0.0357614 0.0370367 0.0376750 0.0417235 0.0368709 0.0368317 0.0340022 0.0379750 0.0372234 0.0369434 0.0410533 0.0320901 0.0385443 0.0327333 0.0307150 0.0330444 0.0358319 0.0359718 0.0410894 0.0342382 0.0421562 0.0376375 0.0326128 0.0360958 0.0364326 0.0354657 0.0334054 0.0346217 0.0371042 0.0336246 0.0478762 0.0376501 0.0366052 0.0342194 0.0344744 0.0369397 0.0393815 0.0355866 0.0371430 0.0360568 0.0366213 0.0333501 0.0355303 0.0335650 0.0380410 0.0416143 0.0416441 0.0416441 0.0386555 0.0396842 0.0427331 0.0448400 0.0416441 0.0396842 0.0365368 0.0386206 0.0454199 0.0481727 0.0510305 0.0395267 0.0568161 0.0511462 0.0454199 0.0534872 0.0476545 0.0430114 0.0509464 0.0414455 0.0521766 0.0395267 0.0396449 0.0452464 0.0409823 0.0453695 0.0465136 0.0528179 0.0464910 
105695_787_2376_MF779821_B_NA_NA 0.0292750 0.0334422 0.0297461 0.0313511 0.0170133 0.0334587 0.0000000 0.0353720 0.0256613 0.0294887 0.0258677 0.0097993 0.0152012 0.0282218 0.0358619 0.0294616 0.0137268 0.0243525 0.0264273 0.0282686 0.0259094 0.0129964 0.0283557 0.0140253 0.0148286 0.0294513 0.0280527 0.0294561 0.0149450 0.0246440 0.0278711 0.0155014 0.0171498 0.0198532 0.0236675 0.0182393 0.0199784 0.0147043 0.0146924 0.0178704 0.0229205 0.0129731 0.0130625 0.0113190 0.0226476 0.0182205 0.0147151 0.0181898 0.0153153 0.0208015 0.0147129 0.0129875 0.0180240 0.0130593 0.0252089 0.0186398 0.0172009 0.0182415 0.0237482 0.0198275 0.0192931 0.0229775 0.0179067 0.0231559 0.0180673 0.0156143 0.0231206 0.0183052 0.0202870 0.0203059 0.0203059 0.0219589 0.0181230 0.0164357 0.0181750 0.0190180 0.0182067 0.0181392 0.0275582 0.0166911 0.0190463 0.0164357 0.0173007 0.0200931 0.0218679 0.0199379 0.0223483 0.0253664 0.0248008 0.0262830 0.0237838 0.0265088 0.0299258 0.0326985 0.0321214 0.0266244 0.0274018 0.0253742 0.0288603 0.0248008 0.0285560 0.0265714 0.0244771 0.0229031 0.0207473 0.0227569 0.0295119 0.0312398 0.0285318 0.0305210 0.0295411 0.0254726 0.0206451 0.0255851 0.0244400 0.0235659 0.0217396 0.0189496 0.0323260 0.0197988 0.0349065 0.0236679 0.0245527 0.0197960 0.0223155 0.0208683 0.0285545 0.0236410 0.0284610 0.0293990 0.0245628 0.0234743 0.0236023 0.0197624 0.0276353 0.0325830 0.0305955 0.0305955 0.0242219 0.0251214 0.0315940 0.0335351 0.0325464 0.0251214 0.0277724 0.0242013 0.0333362 0.0357103 0.0378306 0.0266304 0.0431139 0.0400653 0.0333362 0.0421594 0.0353621 0.0318148 0.0399110 0.0285410 0.0410366 0.0266304 0.0267230 0.0331499 0.0278584 0.0339498 0.0323540 0.0395278 0.0342491 
105695_787_2376_MF779820_B_NA_NA 0.0345545 0.0267858 0.0254700 0.0244147 0.0340898 0.0231196 0.0353720 0.0000000 0.0229065 0.0212264 0.0185366 0.0332616 0.0360190 0.0201211 0.0294321 0.0244022 0.0295524 0.0221074 0.0234583 0.0315267 0.0192165 0.0294343 0.0263265 0.0348392 0.0337514 0.0273939 0.0276806 0.0267424 0.0372370 0.0276806 0.0320604 0.0344258 0.0259242 0.0268017 0.0269930 0.0400223 0.0290698 0.0334660 0.0314239 0.0305546 0.0342614 0.0332056 0.0287253 0.0317243 0.0281417 0.0309609 0.0287646 0.0336893 0.0243868 0.0326425 0.0354710 0.0273481 0.0314482 0.0293584 0.0356554 0.0244044 0.0308885 0.0307138 0.0403579 0.0276878 0.0406576 0.0344937 0.0373015 0.0361788 0.0318987 0.0279413 0.0351227 0.0302702 0.0334684 0.0289283 0.0308758 0.0386725 0.0289053 0.0270170 0.0317264 0.0326715 0.0289655 0.0289283 0.0355806 0.0292754 0.0307275 0.0270170 0.0279938 0.0312091 0.0331893 0.0317274 0.0364561 0.0442991 0.0385810 0.0454618 0.0373849 0.0461031 0.0414588 0.0455967 0.0458922 0.0385338 0.0428309 0.0370451 0.0411020 0.0385810 0.0427942 0.0407763 0.0477990 0.0385079 0.0338476 0.0362276 0.0395808 0.0449515 0.0406516 0.0431260 0.0506417 0.0445763 0.0366002 0.0407763 0.0455095 0.0444781 0.0422521 0.0386692 0.0440268 0.0376438 0.0531343 0.0445892 0.0434824 0.0384219 0.0406416 0.0432543 0.0486665 0.0424061 0.0462324 0.0407360 0.0435022 0.0421833 0.0445638 0.0397047 0.0450333 0.0488514 0.0488847 0.0488847 0.0428141 0.0438700 0.0500398 0.0522656 0.0488847 0.0438700 0.0434815 0.0427751 0.0475755 0.0503722 0.0587567 0.0451120 0.0624027 0.0588939 0.0475755 0.0589574 0.0498385 0.0502678 0.0586636 0.0486506 0.0599704 0.0451120 0.0452396 0.0473938 0.0466613 0.0527802 0.0486827 0.0582260 0.0486591 
105695_787_2376_MF779819_B_NA_NA 0.0173875 0.0159842 0.0193951 0.0197901 0.0236313 0.0157346 0.0256613 0.0229065 0.0000000 0.0162889 0.0152804 0.0219173 0.0254719 0.0119708 0.0200699 0.0217259 0.0222163 0.0119860 0.0138445 0.0152491 0.0169213 0.0219545 0.0188661 0.0210335 0.0240882 0.0164061 0.0205473 0.0143419 0.0249291 0.0152016 0.0223634 0.0247704 0.0205531 0.0179857 0.0147773 0.0255824 0.0178793 0.0238794 0.0238593 0.0196294 0.0189443 0.0236888 0.0196814 0.0204258 0.0208008 0.0240800 0.0238781 0.0218652 0.0173688 0.0227544 0.0216851 0.0200457 0.0202231 0.0201500 0.0258048 0.0208414 0.0216304 0.0213090 0.0235682 0.0202984 0.0276908 0.0250630 0.0236730 0.0239558 0.0225486 0.0212312 0.0236639 0.0229917 0.0259575 0.0221657 0.0221657 0.0226217 0.0239478 0.0221196 0.0218536 0.0191854 0.0221987 0.0239682 0.0210309 0.0206166 0.0227685 0.0221196 0.0194750 0.0238806 0.0257907 0.0236994 0.0324104 0.0293341 0.0327816 0.0322835 0.0316534 0.0309978 0.0335103 0.0374332 0.0347392 0.0307325 0.0319185 0.0318133 0.0291240 0.0327816 0.0327547 0.0300413 0.0343510 0.0287294 0.0267919 0.0290120 0.0337502 0.0358937 0.0307710 0.0321395 0.0378944 0.0334683 0.0286181 0.0282106 0.0323196 0.0313822 0.0293970 0.0267036 0.0330537 0.0295925 0.0411937 0.0315184 0.0285547 0.0289840 0.0304273 0.0288451 0.0351758 0.0314868 0.0330255 0.0320431 0.0324862 0.0293478 0.0314369 0.0295395 0.0338389 0.0353026 0.0353293 0.0353293 0.0324842 0.0334655 0.0363640 0.0383718 0.0353293 0.0334655 0.0304665 0.0324554 0.0388852 0.0414769 0.0463982 0.0333260 0.0497481 0.0465008 0.0388852 0.0465549 0.0410129 0.0386563 0.0463209 0.0331838 0.0475052 0.0333260 0.0334326 0.0387382 0.0346735 0.0409236 0.0378551 0.0459654 0.0399084 
105695_787_2376_MF779818_B_NA_NA 0.0269648 0.0197062 0.0294854 0.0194563 0.0263314 0.0214398 0.0294887 0.0212264 0.0162889 0.0000000 0.0169352 0.0280313 0.0307272 0.0206940 0.0237805 0.0214811 0.0263399 0.0223613 0.0168638 0.0243598 0.0177242 0.0237811 0.0206524 0.0269710 0.0278957 0.0198529 0.0242488 0.0219056 0.0291738 0.0245413 0.0304619 0.0285746 0.0205880 0.0252323 0.0217871 0.0298295 0.0199230 0.0276563 0.0276323 0.0236145 0.0246741 0.0255385 0.0214384 0.0240909 0.0244300 0.0216511 0.0214739 0.0222233 0.0157062 0.0268522 0.0276189 0.0218295 0.0220671 0.0237741 0.0296610 0.0226316 0.0229742 0.0231380 0.0258334 0.0239526 0.0331212 0.0248358 0.0255742 0.0281990 0.0239182 0.0189292 0.0236988 0.0245813 0.0238423 0.0238625 0.0238625 0.0301426 0.0215344 0.0197813 0.0278411 0.0231469 0.0198532 0.0215530 0.0282490 0.0200796 0.0288215 0.0197813 0.0189679 0.0218318 0.0274101 0.0298099 0.0285385 0.0358355 0.0304979 0.0348304 0.0294037 0.0351245 0.0338733 0.0367259 0.0391235 0.0285026 0.0340724 0.0271578 0.0307975 0.0304979 0.0285077 0.0331991 0.0369655 0.0284782 0.0243122 0.0264301 0.0314478 0.0381994 0.0324501 0.0354150 0.0375907 0.0339771 0.0285951 0.0321242 0.0348691 0.0359180 0.0338366 0.0286184 0.0351906 0.0276712 0.0436638 0.0339896 0.0329689 0.0279999 0.0304598 0.0328160 0.0395497 0.0319724 0.0372707 0.0341419 0.0329832 0.0318058 0.0339676 0.0295725 0.0343546 0.0418223 0.0418526 0.0418526 0.0324540 0.0334334 0.0429606 0.0451047 0.0418526 0.0334334 0.0346052 0.0324253 0.0395868 0.0444703 0.0513133 0.0360183 0.0548257 0.0514313 0.0395868 0.0514899 0.0417462 0.0431678 0.0512287 0.0395346 0.0524773 0.0360183 0.0361312 0.0416209 0.0374276 0.0455643 0.0385413 0.0508347 0.0428354 
105695_787_2376_MF779817_B_NA_NA 0.0238984 0.0169318 0.0189675 0.0201875 0.0229413 0.0169426 0.0258677 0.0185366 0.0152804 0.0169352 0.0000000 0.0244474 0.0270225 0.0127390 0.0158322 0.0208849 0.0247087 0.0126782 0.0175902 0.0192657 0.0158148 0.0187620 0.0177590 0.0216324 0.0207074 0.0153547 0.0192562 0.0187237 0.0255129 0.0194871 0.0248696 0.0213766 0.0174899 0.0167704 0.0136236 0.0280559 0.0185194 0.0205323 0.0205147 0.0220738 0.0212508 0.0221320 0.0182926 0.0189755 0.0193575 0.0243167 0.0223086 0.0242817 0.0144259 0.0233433 0.0222759 0.0169721 0.0187877 0.0187220 0.0260100 0.0177367 0.0231947 0.0198239 0.0282909 0.0155014 0.0312307 0.0256485 0.0239142 0.0227501 0.0241221 0.0215186 0.0220573 0.0218081 0.0265910 0.0247228 0.0247228 0.0264305 0.0224172 0.0206535 0.0207015 0.0197908 0.0224689 0.0224363 0.0246272 0.0209178 0.0215955 0.0206535 0.0197948 0.0245167 0.0263688 0.0225070 0.0250082 0.0318597 0.0313789 0.0328899 0.0302789 0.0351375 0.0368552 0.0397486 0.0349818 0.0313480 0.0321475 0.0300055 0.0316836 0.0313789 0.0353441 0.0312977 0.0349518 0.0293517 0.0251619 0.0272933 0.0343556 0.0361427 0.0313269 0.0334350 0.0405496 0.0340732 0.0269235 0.0322489 0.0329263 0.0319926 0.0300138 0.0268926 0.0352686 0.0278631 0.0414723 0.0340855 0.0310821 0.0272093 0.0268341 0.0289967 0.0374415 0.0320993 0.0352400 0.0342357 0.0330944 0.0299640 0.0320485 0.0278147 0.0344455 0.0355508 0.0355776 0.0355776 0.0306621 0.0316118 0.0366174 0.0386344 0.0355776 0.0316118 0.0326440 0.0306355 0.0376118 0.0401612 0.0466986 0.0353633 0.0500642 0.0468022 0.0376118 0.0468567 0.0397096 0.0389211 0.0466208 0.0354082 0.0478109 0.0353633 0.0354744 0.0374706 0.0367466 0.0411996 0.0386398 0.0462626 0.0386213 
105695_787_2376_MF779816_B_NA_NA 0.0272432 0.0270686 0.0301976 0.0298915 0.0137083 0.0294081 0.0097993 0.0332616 0.0219173 0.0280313 0.0244474 0.0000000 0.0104155 0.0225687 0.0364646 0.0299751 0.0136542 0.0229238 0.0249848 0.0227194 0.0244859 0.0098525 0.0245846 0.0107952 0.0115669 0.0279949 0.0284822 0.0255679 0.0134151 0.0227141 0.0263849 0.0122386 0.0171657 0.0201640 0.0218633 0.0131843 0.0202925 0.0114708 0.0114617 0.0135468 0.0211198 0.0098370 0.0116531 0.0113045 0.0208678 0.0157094 0.0165972 0.0164581 0.0139360 0.0190144 0.0114767 0.0164379 0.0180008 0.0114551 0.0251754 0.0189279 0.0136728 0.0165038 0.0218844 0.0200926 0.0138786 0.0176242 0.0198881 0.0235143 0.0144879 0.0141515 0.0216139 0.0167414 0.0176851 0.0140172 0.0140172 0.0206531 0.0156259 0.0139862 0.0190937 0.0172706 0.0164769 0.0156404 0.0232916 0.0142088 0.0199754 0.0139862 0.0164974 0.0175165 0.0210197 0.0181681 0.0197404 0.0226521 0.0220764 0.0217249 0.0210960 0.0224237 0.0227945 0.0263618 0.0290264 0.0238577 0.0232745 0.0208646 0.0260123 0.0220764 0.0257364 0.0197788 0.0236074 0.0202364 0.0181748 0.0201085 0.0266677 0.0269157 0.0257141 0.0233886 0.0266938 0.0209337 0.0198149 0.0215475 0.0217510 0.0227046 0.0208942 0.0181325 0.0260500 0.0189749 0.0323219 0.0228030 0.0236810 0.0189394 0.0197111 0.0200317 0.0243475 0.0209627 0.0224459 0.0233218 0.0218592 0.0226159 0.0227392 0.0189398 0.0267329 0.0340948 0.0321021 0.0321021 0.0215574 0.0224340 0.0331033 0.0350479 0.0300644 0.0224340 0.0254446 0.0215394 0.0317744 0.0320629 0.0351634 0.0234032 0.0402807 0.0394430 0.0317744 0.0393494 0.0337479 0.0293463 0.0392928 0.0300386 0.0403998 0.0234032 0.0234869 0.0296441 0.0245538 0.0314035 0.0308179 0.0368225 0.0306867 
105695_787_2376_MF779815_B_NA_NA 0.0272009 0.0301662 0.0310302 0.0346562 0.0130346 0.0312123 0.0152012 0.0360190 0.0254719 0.0307272 0.0270225 0.0104155 0.0000000 0.0288776 0.0372600 0.0298700 0.0143576 0.0265245 0.0314717 0.0286590 0.0289239 0.0138871 0.0294998 0.0158026 0.0174285 0.0306888 0.0312147 0.0254765 0.0176756 0.0226312 0.0281982 0.0181035 0.0198906 0.0209100 0.0248015 0.0183748 0.0184873 0.0172805 0.0172658 0.0136211 0.0231956 0.0154692 0.0108067 0.0170408 0.0237599 0.0191679 0.0207688 0.0201266 0.0196453 0.0246163 0.0164975 0.0205819 0.0190424 0.0172555 0.0301540 0.0196603 0.0186605 0.0218425 0.0277334 0.0208380 0.0181798 0.0250263 0.0241824 0.0234288 0.0195330 0.0182329 0.0223574 0.0211776 0.0222654 0.0191222 0.0191222 0.0263482 0.0208272 0.0190818 0.0237013 0.0209774 0.0227237 0.0208454 0.0272908 0.0193722 0.0246343 0.0190818 0.0200210 0.0220512 0.0239231 0.0237134 0.0251884 0.0274616 0.0269003 0.0264798 0.0258493 0.0271852 0.0276255 0.0313674 0.0327950 0.0268786 0.0280774 0.0245929 0.0291362 0.0269003 0.0288272 0.0243916 0.0284823 0.0249472 0.0235426 0.0256408 0.0317284 0.0319156 0.0288021 0.0282177 0.0317601 0.0256641 0.0252856 0.0244408 0.0265107 0.0275251 0.0256116 0.0235036 0.0291084 0.0243977 0.0356590 0.0276450 0.0285672 0.0236259 0.0251518 0.0255436 0.0292340 0.0256991 0.0272128 0.0262813 0.0266455 0.0274200 0.0275710 0.0243537 0.0318104 0.0374647 0.0354035 0.0354035 0.0271288 0.0280557 0.0364390 0.0384482 0.0332883 0.0280557 0.0285108 0.0271055 0.0359586 0.0362772 0.0406616 0.0290990 0.0438698 0.0451723 0.0359586 0.0429164 0.0380126 0.0345392 0.0449980 0.0332558 0.0461680 0.0290990 0.0291961 0.0337223 0.0303606 0.0367196 0.0349639 0.0402767 0.0348185 
105695_787_2376_MF779814_B_NA_NA 0.0220555 0.0202667 0.0175080 0.0187403 0.0251742 0.0220366 0.0282218 0.0201211 0.0119708 0.0206940 0.0127390 0.0225687 0.0288776 0.0000000 0.0228039 0.0286825 0.0246610 0.0128020 0.0145201 0.0177907 0.0159704 0.0226562 0.0233828 0.0257326 0.0266437 0.0208075 0.0211897 0.0168740 0.0298611 0.0211880 0.0251778 0.0273201 0.0212398 0.0203591 0.0205566 0.0305129 0.0223655 0.0264150 0.0263926 0.0220288 0.0253436 0.0262067 0.0220919 0.0229061 0.0232542 0.0266320 0.0264086 0.0265953 0.0180184 0.0275294 0.0263793 0.0207405 0.0226871 0.0226041 0.0283838 0.0215343 0.0240893 0.0238096 0.0287872 0.0210002 0.0311778 0.0300154 0.0261913 0.0269349 0.0250273 0.0237199 0.0261805 0.0240928 0.0290183 0.0246739 0.0246739 0.0273721 0.0246532 0.0228227 0.0247447 0.0237699 0.0247087 0.0246739 0.0245785 0.0231135 0.0256921 0.0228227 0.0219321 0.0268519 0.0307519 0.0266513 0.0331269 0.0324786 0.0340451 0.0355240 0.0328954 0.0361706 0.0367988 0.0408339 0.0380237 0.0339435 0.0351238 0.0325320 0.0343089 0.0340451 0.0360330 0.0331901 0.0356307 0.0318747 0.0275022 0.0297294 0.0370584 0.0392264 0.0339854 0.0353684 0.0413337 0.0347369 0.0293308 0.0332523 0.0335661 0.0345993 0.0325481 0.0292973 0.0363039 0.0303066 0.0447547 0.0367728 0.0316889 0.0297260 0.0311399 0.0314845 0.0385021 0.0347173 0.0362750 0.0352603 0.0357478 0.0324938 0.0326736 0.0302528 0.0351193 0.0386437 0.0386721 0.0386721 0.0351778 0.0361747 0.0397397 0.0418078 0.0386721 0.0361747 0.0336607 0.0351455 0.0396146 0.0400317 0.0500988 0.0373236 0.0535465 0.0502122 0.0396146 0.0502693 0.0417454 0.0421124 0.0500166 0.0384873 0.0512401 0.0373236 0.0374377 0.0394652 0.0387399 0.0444589 0.0406584 0.0496342 0.0384948 
105695_787_2376_MF779813_B_NA_NA 0.0238217 0.0238357 0.0259815 0.0293992 0.0306684 0.0185709 0.0358619 0.0294321 0.0200699 0.0237805 0.0158322 0.0364646 0.0372600 0.0228039 0.0000000 0.0300364 0.0325887 0.0226802 0.0265031 0.0247482 0.0209040 0.0299448 0.0211390 0.0332894 0.0322273 0.0186569 0.0301465 0.0259403 0.0377279 0.0288345 0.0325757 0.0328971 0.0264912 0.0255105 0.0221175 0.0405034 0.0258905 0.0319557 0.0319279 0.0316995 0.0308896 0.0337016 0.0273906 0.0302463 0.0305300 0.0362843 0.0319364 0.0342518 0.0249612 0.0331444 0.0339190 0.0259778 0.0243844 0.0298680 0.0340312 0.0286805 0.0329980 0.0312221 0.0361393 0.0262989 0.0419040 0.0358705 0.0337505 0.0306175 0.0340332 0.0330889 0.0297802 0.0335335 0.0369186 0.0368703 0.0368703 0.0345680 0.0341048 0.0321169 0.0302437 0.0292643 0.0341704 0.0341306 0.0347415 0.0324951 0.0312367 0.0321169 0.0311527 0.0345649 0.0365440 0.0342556 0.0370116 0.0447699 0.0422020 0.0437804 0.0409562 0.0463006 0.0482964 0.0514176 0.0460880 0.0421464 0.0430115 0.0426783 0.0447404 0.0422020 0.0465446 0.0421054 0.0460738 0.0399451 0.0351979 0.0376234 0.0454584 0.0474028 0.0442551 0.0444952 0.0499156 0.0451272 0.0391944 0.0452899 0.0438265 0.0449496 0.0427287 0.0391524 0.0464616 0.0381997 0.0558045 0.0473186 0.0439570 0.0368494 0.0390570 0.0415418 0.0488780 0.0429595 0.0464309 0.0453267 0.0440544 0.0405597 0.0428929 0.0381334 0.0455849 0.0513195 0.0513541 0.0513541 0.0454926 0.0465620 0.0525319 0.0548009 0.0513541 0.0465620 0.0436670 0.0454511 0.0536350 0.0565847 0.0639801 0.0495371 0.0677528 0.0641317 0.0536350 0.0641993 0.0560032 0.0551734 0.0638800 0.0511072 0.0652397 0.0495371 0.0496718 0.0534284 0.0511590 0.0577897 0.0547928 0.0634092 0.0547657 
105695_787_2376_MF779812_B_NA_NA 0.0272081 0.0238804 0.0331950 0.0311100 0.0254996 0.0216883 0.0294616 0.0244022 0.0217259 0.0214811 0.0208849 0.0299751 0.0298700 0.0286825 0.0300364 0.0000000 0.0244877 0.0244011 0.0243450 0.0264637 0.0234608 0.0256248 0.0247934 0.0246652 0.0278677 0.0239616 0.0346774 0.0259548 0.0287288 0.0266630 0.0262225 0.0285468 0.0266031 0.0258349 0.0280253 0.0293792 0.0237462 0.0276281 0.0276042 0.0236325 0.0268638 0.0274094 0.0238452 0.0240606 0.0269833 0.0234376 0.0214875 0.0236533 0.0226307 0.0283575 0.0271984 0.0254891 0.0257624 0.0237439 0.0336572 0.0244358 0.0247554 0.0268936 0.0292076 0.0258082 0.0342444 0.0262743 0.0293309 0.0316550 0.0257179 0.0206535 0.0312889 0.0241997 0.0252753 0.0238322 0.0257154 0.0296848 0.0233109 0.0215223 0.0274152 0.0245812 0.0215988 0.0233307 0.0317198 0.0218422 0.0283841 0.0215223 0.0206951 0.0232459 0.0269933 0.0274226 0.0304774 0.0353141 0.0319633 0.0363206 0.0308591 0.0346087 0.0353648 0.0382233 0.0406346 0.0299552 0.0355658 0.0310144 0.0303336 0.0319633 0.0319380 0.0346928 0.0384688 0.0299307 0.0279943 0.0302183 0.0329153 0.0376488 0.0319705 0.0369238 0.0390881 0.0354691 0.0305384 0.0316431 0.0363604 0.0353949 0.0333378 0.0305625 0.0366910 0.0315302 0.0430416 0.0334876 0.0324788 0.0320298 0.0324332 0.0348445 0.0410740 0.0334560 0.0387809 0.0356376 0.0344713 0.0332821 0.0354593 0.0334969 0.0358555 0.0413017 0.0391550 0.0391550 0.0324908 0.0334723 0.0402337 0.0423227 0.0391550 0.0334723 0.0361163 0.0324620 0.0418383 0.0423565 0.0483583 0.0360632 0.0517840 0.0484674 0.0418383 0.0462946 0.0440393 0.0404287 0.0482779 0.0369061 0.0494910 0.0360632 0.0361764 0.0395601 0.0374757 0.0427551 0.0407736 0.0479047 0.0407538 
105695_787_2376_MF779811_B_NA_NA 0.0220900 0.0258559 0.0303816 0.0340002 0.0143854 0.0240772 0.0137268 0.0295524 0.0222163 0.0263399 0.0247087 0.0136542 0.0143576 0.0246610 0.0325887 0.0244877 0.0000000 0.0250395 0.0252427 0.0252279 0.0247472 0.0152808 0.0252587 0.0163637 0.0171833 0.0263055 0.0268483 0.0222237 0.0182309 0.0194843 0.0248193 0.0178532 0.0161791 0.0205361 0.0225290 0.0171636 0.0171943 0.0170392 0.0170254 0.0088186 0.0182881 0.0152514 0.0137263 0.0155281 0.0215306 0.0171835 0.0170477 0.0188278 0.0159767 0.0214839 0.0170133 0.0152685 0.0170352 0.0153173 0.0258977 0.0176137 0.0134941 0.0189214 0.0226034 0.0187645 0.0161725 0.0218430 0.0185775 0.0244342 0.0143001 0.0146312 0.0220080 0.0199249 0.0209337 0.0138319 0.0138319 0.0178826 0.0170923 0.0154375 0.0206041 0.0196965 0.0171720 0.0171078 0.0221993 0.0156770 0.0214954 0.0154375 0.0162843 0.0190168 0.0243873 0.0206191 0.0248003 0.0260071 0.0273456 0.0250513 0.0263007 0.0239099 0.0242996 0.0278920 0.0292927 0.0272696 0.0247664 0.0241615 0.0276179 0.0273456 0.0292027 0.0212416 0.0288579 0.0235480 0.0196683 0.0216338 0.0282677 0.0284397 0.0292338 0.0231087 0.0301875 0.0242512 0.0213246 0.0212852 0.0250805 0.0260667 0.0242032 0.0213430 0.0257476 0.0222089 0.0372713 0.0261790 0.0252462 0.0223026 0.0212132 0.0233099 0.0258566 0.0242841 0.0239336 0.0248163 0.0252060 0.0241624 0.0261087 0.0221685 0.0283377 0.0356971 0.0336876 0.0336876 0.0248578 0.0257572 0.0346970 0.0366575 0.0316886 0.0257572 0.0251446 0.0248368 0.0345901 0.0349617 0.0402009 0.0267624 0.0455111 0.0424541 0.0345901 0.0424299 0.0366068 0.0329029 0.0422920 0.0315999 0.0434265 0.0267624 0.0268535 0.0324607 0.0279696 0.0350266 0.0336132 0.0418936 0.0335352 
105695_787_2376_MF779810_B_NA_NA 0.0220353 0.0241858 0.0182713 0.0203660 0.0241936 0.0238093 0.0243525 0.0221074 0.0119860 0.0223613 0.0126782 0.0229238 0.0265245 0.0128020 0.0226802 0.0244011 0.0250395 0.0000000 0.0144479 0.0126542 0.0142417 0.0207353 0.0232990 0.0198369 0.0228051 0.0207362 0.0228881 0.0185430 0.0236293 0.0177965 0.0229252 0.0234803 0.0176865 0.0168850 0.0170485 0.0261362 0.0201770 0.0217036 0.0225908 0.0223715 0.0195685 0.0224305 0.0185370 0.0210118 0.0178946 0.0246467 0.0226105 0.0224377 0.0179611 0.0233219 0.0204822 0.0206269 0.0208071 0.0189764 0.0282735 0.0214160 0.0235086 0.0218910 0.0263550 0.0208840 0.0307582 0.0237570 0.0242360 0.0245211 0.0244482 0.0218112 0.0224066 0.0217423 0.0265150 0.0250613 0.0250613 0.0245287 0.0245128 0.0226945 0.0206385 0.0180385 0.0227742 0.0245334 0.0264371 0.0212047 0.0197601 0.0226945 0.0200650 0.0244453 0.0244740 0.0224401 0.0309421 0.0298685 0.0312937 0.0328029 0.0301961 0.0330769 0.0367603 0.0396496 0.0368828 0.0312628 0.0340140 0.0323386 0.0296670 0.0312937 0.0332749 0.0331567 0.0348606 0.0292706 0.0273428 0.0295541 0.0342656 0.0380674 0.0293316 0.0353321 0.0383896 0.0339836 0.0291592 0.0302368 0.0328393 0.0319071 0.0299318 0.0272547 0.0351771 0.0301284 0.0435103 0.0320441 0.0290964 0.0295444 0.0309570 0.0293863 0.0373462 0.0320133 0.0351475 0.0341457 0.0330059 0.0298822 0.0319627 0.0300752 0.0343551 0.0396099 0.0375103 0.0375103 0.0330040 0.0339797 0.0385652 0.0406100 0.0375103 0.0339797 0.0325562 0.0329750 0.0423122 0.0449956 0.0487991 0.0378763 0.0522100 0.0489085 0.0423122 0.0489645 0.0445014 0.0409073 0.0487188 0.0353161 0.0499279 0.0378763 0.0379923 0.0421509 0.0393129 0.0432237 0.0412529 0.0483468 0.0433632 
105695_787_2376_MF779809_B_NA_NA 0.0262361 0.0243345 0.0209279 0.0150584 0.0252348 0.0241772 0.0264273 0.0234583 0.0138445 0.0168638 0.0175902 0.0249848 0.0314717 0.0145201 0.0265031 0.0243450 0.0252427 0.0144479 0.0000000 0.0161666 0.0119066 0.0245093 0.0234905 0.0239612 0.0248590 0.0190064 0.0248436 0.0224721 0.0280103 0.0216532 0.0270503 0.0255368 0.0212980 0.0204167 0.0170049 0.0286638 0.0224249 0.0237135 0.0246243 0.0243393 0.0235384 0.0244499 0.0202464 0.0211885 0.0213614 0.0206271 0.0204597 0.0229540 0.0164468 0.0257332 0.0246111 0.0189085 0.0190744 0.0209057 0.0263325 0.0233511 0.0219186 0.0230232 0.0250929 0.0208700 0.0319031 0.0219124 0.0226462 0.0269969 0.0228472 0.0179525 0.0223823 0.0216853 0.0227713 0.0209744 0.0209744 0.0249125 0.0205166 0.0187914 0.0227818 0.0220373 0.0188603 0.0205345 0.0270411 0.0173467 0.0237036 0.0187914 0.0196779 0.0207992 0.0262386 0.0248168 0.0292782 0.0325411 0.0293256 0.0335911 0.0282513 0.0318965 0.0326432 0.0354613 0.0377538 0.0292423 0.0348304 0.0298149 0.0295569 0.0293256 0.0312183 0.0339576 0.0356933 0.0273386 0.0232491 0.0253265 0.0283098 0.0369076 0.0311916 0.0361802 0.0363173 0.0327454 0.0274530 0.0328796 0.0336287 0.0346619 0.0326106 0.0255707 0.0359516 0.0265413 0.0444523 0.0327578 0.0297521 0.0258337 0.0292928 0.0296221 0.0382336 0.0307692 0.0359895 0.0349010 0.0317654 0.0306088 0.0327364 0.0284154 0.0331115 0.0425996 0.0426302 0.0426302 0.0312568 0.0322232 0.0437402 0.0458865 0.0426302 0.0322232 0.0353719 0.0312291 0.0425575 0.0430789 0.0498293 0.0360502 0.0556283 0.0499429 0.0425575 0.0500002 0.0447567 0.0417945 0.0497469 0.0403057 0.0509765 0.0360502 0.0361632 0.0402782 0.0374605 0.0441558 0.0414933 0.0516273 0.0414732 
105695_787_2376_MF779808_B_NA_NA 0.0204726 0.0240222 0.0235883 0.0258827 0.0240302 0.0258292 0.0282686 0.0315267 0.0152491 0.0243598 0.0192657 0.0227194 0.0286590 0.0177907 0.0247482 0.0264637 0.0252279 0.0126542 0.0161666 0.0000000 0.0193346 0.0241462 0.0231409 0.0232164 0.0263097 0.0227045 0.0285672 0.0204145 0.0283038 0.0213723 0.0266564 0.0269798 0.0209830 0.0204022 0.0185416 0.0277907 0.0203698 0.0260863 0.0260640 0.0232037 0.0210871 0.0258819 0.0221811 0.0226210 0.0229680 0.0273428 0.0283682 0.0222850 0.0216067 0.0268016 0.0238540 0.0262327 0.0207072 0.0223250 0.0299628 0.0251742 0.0225253 0.0253654 0.0280769 0.0265586 0.0324900 0.0254512 0.0262896 0.0285188 0.0234517 0.0256340 0.0262160 0.0263143 0.0273814 0.0277981 0.0277981 0.0261766 0.0271945 0.0253341 0.0250468 0.0196358 0.0244008 0.0272166 0.0262578 0.0238305 0.0259796 0.0253341 0.0226452 0.0252947 0.0290691 0.0240501 0.0338262 0.0326617 0.0342054 0.0336960 0.0330730 0.0339758 0.0376869 0.0405860 0.0392587 0.0321533 0.0349169 0.0352073 0.0324960 0.0342054 0.0341767 0.0340577 0.0357663 0.0301503 0.0282100 0.0304393 0.0351719 0.0389908 0.0341467 0.0362473 0.0393172 0.0348864 0.0319507 0.0330572 0.0337330 0.0347509 0.0327304 0.0300032 0.0360878 0.0310118 0.0444771 0.0348988 0.0318849 0.0294718 0.0318415 0.0321899 0.0382704 0.0329063 0.0360583 0.0350513 0.0339050 0.0307599 0.0328545 0.0309574 0.0352642 0.0404760 0.0383688 0.0383688 0.0358748 0.0368699 0.0394276 0.0414791 0.0405052 0.0368699 0.0334612 0.0358429 0.0454268 0.0481775 0.0474016 0.0408910 0.0531221 0.0498124 0.0454268 0.0522157 0.0476598 0.0439805 0.0496196 0.0361641 0.0508337 0.0408910 0.0410119 0.0452535 0.0423742 0.0463523 0.0443469 0.0492427 0.0464971 
105695_787_2376_MF779807_B_NA_NA 0.0221326 0.0252357 0.0200424 0.0192331 0.0229752 0.0223128 0.0259094 0.0192165 0.0169213 0.0177242 0.0158148 0.0244859 0.0289239 0.0159704 0.0209040 0.0234608 0.0247472 0.0142417 0.0119066 0.0193346 0.0000000 0.0204861 0.0230234 0.0216637 0.0225317 0.0204863 0.0261808 0.0220689 0.0255544 0.0230015 0.0265886 0.0232019 0.0158603 0.0183110 0.0168064 0.0281040 0.0202652 0.0223405 0.0223214 0.0238583 0.0231238 0.0221640 0.0199775 0.0207577 0.0193428 0.0213544 0.0194415 0.0224919 0.0161094 0.0252233 0.0223085 0.0186894 0.0205564 0.0187469 0.0298186 0.0211622 0.0214765 0.0225586 0.0283955 0.0206316 0.0312885 0.0208478 0.0221934 0.0246319 0.0223884 0.0180091 0.0239417 0.0189209 0.0217374 0.0217118 0.0217118 0.0264745 0.0195351 0.0178371 0.0207304 0.0198175 0.0179029 0.0195522 0.0265573 0.0180687 0.0198479 0.0178371 0.0204001 0.0198024 0.0251090 0.0225404 0.0232145 0.0319185 0.0262812 0.0310183 0.0252523 0.0312802 0.0314532 0.0342369 0.0330803 0.0281136 0.0302780 0.0286877 0.0303177 0.0262812 0.0319786 0.0294341 0.0330479 0.0262376 0.0222225 0.0242607 0.0291193 0.0322550 0.0299766 0.0315352 0.0370873 0.0301901 0.0250941 0.0322474 0.0310532 0.0320519 0.0300674 0.0250648 0.0332904 0.0242116 0.0414854 0.0321290 0.0291718 0.0234375 0.0268786 0.0290473 0.0354921 0.0282769 0.0333248 0.0315580 0.0292408 0.0281328 0.0301818 0.0260239 0.0305313 0.0418910 0.0397483 0.0397483 0.0306589 0.0316100 0.0408250 0.0429098 0.0397483 0.0316100 0.0327059 0.0306323 0.0396815 0.0401722 0.0467198 0.0353676 0.0523570 0.0468237 0.0396815 0.0468783 0.0418157 0.0389302 0.0466419 0.0395582 0.0478337 0.0353676 0.0354775 0.0374774 0.0367523 0.0412123 0.0407269 0.0484823 0.0386299 
105695_787_2375_MF779806_B_NA_NA 0.0255171 0.0252482 0.0259575 0.0284006 0.0088980 0.0275388 0.0129964 0.0294343 0.0219545 0.0237811 0.0187620 0.0098525 0.0138871 0.0226562 0.0299448 0.0256248 0.0152808 0.0207353 0.0245093 0.0241462 0.0204861 0.0000000 0.0205601 0.0075725 0.0068299 0.0237298 0.0224658 0.0219451 0.0099878 0.0191973 0.0223086 0.0074865 0.0105218 0.0131002 0.0163204 0.0113572 0.0148244 0.0067761 0.0067706 0.0119937 0.0172546 0.0053115 0.0083644 0.0098512 0.0154163 0.0121926 0.0130230 0.0113603 0.0120697 0.0153221 0.0082421 0.0113460 0.0128196 0.0082283 0.0194581 0.0121065 0.0112987 0.0121383 0.0180029 0.0130806 0.0138835 0.0172714 0.0161463 0.0183913 0.0120868 0.0107060 0.0161419 0.0115582 0.0124110 0.0140233 0.0140233 0.0180411 0.0105975 0.0090821 0.0137803 0.0121179 0.0129302 0.0106077 0.0180950 0.0107548 0.0145957 0.0090821 0.0113956 0.0122960 0.0155428 0.0129393 0.0144260 0.0187468 0.0164881 0.0179099 0.0155957 0.0197634 0.0210609 0.0236292 0.0243695 0.0164847 0.0188847 0.0154613 0.0201170 0.0164881 0.0199029 0.0181050 0.0196422 0.0147918 0.0129519 0.0147016 0.0207736 0.0223698 0.0198863 0.0216607 0.0225463 0.0171449 0.0144780 0.0189498 0.0179318 0.0171180 0.0154401 0.0144913 0.0215797 0.0136937 0.0267644 0.0188701 0.0197048 0.0134604 0.0160374 0.0162683 0.0216705 0.0171688 0.0198243 0.0189635 0.0180184 0.0170496 0.0171403 0.0136689 0.0208199 0.0273309 0.0254513 0.0254513 0.0177380 0.0185699 0.0263947 0.0282363 0.0235390 0.0185699 0.0191739 0.0177236 0.0273048 0.0275631 0.0314412 0.0216315 0.0344200 0.0355991 0.0273048 0.0335122 0.0292144 0.0246382 0.0354641 0.0253326 0.0365390 0.0216315 0.0217108 0.0252648 0.0227522 0.0265981 0.0282422 0.0311373 0.0262610 
105695_787_2375_MF779805_B_NA_NA 0.0240382 0.0203166 0.0285220 0.0302051 0.0230235 0.0205814 0.0283557 0.0263265 0.0188661 0.0206524 0.0177590 0.0245846 0.0294998 0.0233828 0.0211390 0.0247934 0.0252587 0.0232990 0.0234905 0.0231409 0.0230234 0.0205601 0.0000000 0.0196699 0.0170730 0.0060810 0.0193552 0.0188218 0.0245184 0.0161873 0.0214726 0.0177376 0.0176170 0.0168578 0.0167780 0.0204897 0.0136790 0.0169302 0.0169165 0.0232157 0.0144024 0.0222401 0.0204238 0.0170968 0.0192214 0.0214872 0.0189081 0.0187961 0.0145759 0.0178839 0.0224024 0.0204687 0.0136952 0.0168812 0.0186556 0.0161661 0.0170341 0.0196529 0.0204212 0.0172465 0.0271025 0.0200133 0.0205134 0.0193285 0.0178897 0.0198700 0.0170689 0.0208351 0.0236502 0.0200580 0.0218465 0.0243362 0.0213725 0.0196394 0.0232383 0.0179397 0.0205063 0.0213908 0.0225782 0.0181950 0.0241523 0.0196394 0.0171312 0.0216649 0.0234538 0.0187587 0.0275663 0.0269226 0.0302221 0.0278983 0.0291427 0.0300141 0.0335515 0.0363683 0.0331284 0.0282529 0.0309248 0.0288258 0.0285551 0.0302221 0.0282577 0.0300854 0.0317507 0.0263242 0.0223110 0.0225253 0.0311606 0.0328963 0.0282333 0.0302567 0.0311320 0.0308952 0.0257996 0.0291249 0.0297972 0.0288909 0.0269798 0.0239830 0.0300717 0.0249188 0.0400709 0.0309072 0.0280045 0.0241733 0.0257151 0.0242087 0.0341385 0.0289854 0.0320173 0.0310458 0.0299478 0.0251171 0.0289393 0.0248743 0.0312391 0.0383510 0.0383790 0.0383790 0.0294768 0.0304113 0.0394366 0.0414856 0.0362824 0.0304113 0.0294788 0.0294515 0.0404451 0.0408663 0.0452213 0.0328418 0.0485340 0.0475879 0.0404451 0.0475606 0.0425776 0.0396261 0.0474042 0.0361768 0.0485959 0.0328418 0.0329462 0.0381718 0.0341655 0.0419053 0.0394130 0.0447993 0.0393236 
