192
105696_787_2376_MF779263_B_NA_NA 0.0000000 0.0148558 0.0150411 0.0162478 0.0208716 0.0150545 0.0111270 0.0136855 0.0168847 0.0144529 0.0125053 0.0109800 0.0180958 0.0166795 0.0150977 0.0104652 0.0181432 0.0164180 0.0113301 0.0160826 0.0124932 0.0166833 0.0152606 0.0188139 0.0134692 0.0172935 0.0175308 0.0198912 0.0124935 0.0124660 0.0143250 0.0156330 0.0189487 0.0156730 0.0125414 0.0119461 0.0219844 0.0137235 0.0126323 0.0178644 0.0156507 0.0197200 0.0127155 0.0150757 0.0188654 0.0126533 0.0205772 0.0188776 0.0188688 0.0142228 0.0180222 0.0142850 0.0188688 0.0154726 0.0142804 0.0150736 0.0158706 0.0135002 0.0150662 0.0157987 0.0202869 0.0142196 0.0197149 0.0150662 0.0150704 0.0154749 0.0197946 0.0199939 0.0172960 0.0136454 0.0157932 0.0167464 0.0150795 0.0142200 0.0175480 0.0216419 0.0173072 0.0150082 0.0151197 0.0225348 0.0176748 0.0225310 0.0138654 0.0178409 0.0175905 0.0172414 0.0189113 0.0159491 0.0178640 0.0173958 0.0221785 0.0159528 0.0161289 0.0161326 0.0183446 0.0166844 0.0159528 0.0200194 0.0167053 0.0201560 0.0195559 0.0183039 0.0195669 0.0170253 0.0191582 0.0164748 0.0174376 0.0159525 0.0175151 0.0166931 0.0175114 0.0216345 0.0134570 0.0175289 0.0177840 0.0156740 0.0191441 0.0184137 0.0182461 0.0177924 0.0140532 0.0216823 0.0183468 0.0200151 0.0183605 0.0183468 0.0175911 0.0175244 0.0183344 0.0160246 0.0215923 0.0191820 0.0204274 0.0161450 0.0173894 0.0211191 0.0173932 0.0173894 0.0173932 0.0173894 0.0173958 0.0173894 0.0165829 0.0182371 0.0169797 0.0191189 0.0187350 0.0169493 0.0182284 0.0190870 0.0169575 0.0174003 0.0174622 0.0195884 0.0191467 0.0195884 0.0173894 0.0173928 0.0187155 0.0182434 0.0162240 0.0153357 0.0199781 0.0173894 0.0153472 0.0165655 0.0165535 0.0166156 0.0153512 0.0170236 0.0191210 0.0187684 0.0161939 0.0153512 0.0194692 0.0174406 0.0165638 0.0178946 0.0174842 0.0174603 0.0153262 0.0165535 0.0162255 0.0170495 0.0162255 0.0179167 0.0170646 0.0170578 0.0162642 0.0162356 0.0162375 0.0170540 
105696_787_2376_MF779262_B_NA_NA 0.0148558 0.0000000 0.0175156 0.0138032 0.0218127 0.0127439 0.0166999 0.0151616 0.0160479 0.0159389 0.0102548 0.0149048 0.0189846 0.0192148 0.0142956 0.0176140 0.0173845 0.0140887 0.0112299 0.0175989 0.0132957 0.0175582 0.0184108 0.0215039 0.0175946 0.0181724 0.0184205 0.0142562 0.0175051 0.0133229 0.0151684 0.0164831 0.0181875 0.0165261 0.0165066 0.0159842 0.0211964 0.0168313 0.0183249 0.0187726 0.0149079 0.0224019 0.0151132 0.0159158 0.0215183 0.0134649 0.0232876 0.0215310 0.0215216 0.0150467 0.0206462 0.0167378 0.0215216 0.0163407 0.0167324 0.0175533 0.0151097 0.0159269 0.0175450 0.0166560 0.0212249 0.0166578 0.0223960 0.0192173 0.0143241 0.0163432 0.0207248 0.0175014 0.0198958 0.0144809 0.0166503 0.0176262 0.0159310 0.0166582 0.0167977 0.0226192 0.0199089 0.0142657 0.0143702 0.0235259 0.0203352 0.0235223 0.0163373 0.0170695 0.0213136 0.0181337 0.0198399 0.0184771 0.0204865 0.0200196 0.0231550 0.0184809 0.0170065 0.0170102 0.0192346 0.0192376 0.0184809 0.0227440 0.0175825 0.0228438 0.0204898 0.0227440 0.0205013 0.0179206 0.0217858 0.0190487 0.0200706 0.0184805 0.0200858 0.0192346 0.0200820 0.0244234 0.0158744 0.0201024 0.0203915 0.0182283 0.0218363 0.0210282 0.0208990 0.0186955 0.0182432 0.0226541 0.0209483 0.0226751 0.0209643 0.0209483 0.0201787 0.0200972 0.0210056 0.0185690 0.0243725 0.0218133 0.0231416 0.0170236 0.0200121 0.0238924 0.0200160 0.0182966 0.0182883 0.0200121 0.0200196 0.0200121 0.0191824 0.0208884 0.0195650 0.0191833 0.0213956 0.0178390 0.0208790 0.0217678 0.0195350 0.0200249 0.0212043 0.0222798 0.0218392 0.0205257 0.0200121 0.0200155 0.0213694 0.0208958 0.0187920 0.0178597 0.0226963 0.0200121 0.0178733 0.0191621 0.0191479 0.0192238 0.0178780 0.0196161 0.0218102 0.0214345 0.0187570 0.0170422 0.0203971 0.0200747 0.0191600 0.0205257 0.0201229 0.0200981 0.0178485 0.0191479 0.0187969 0.0196499 0.0187969 0.0205515 0.0196676 0.0196589 0.0188426 0.0188088 0.0188112 0.0196551 
105696_787_2376_MF779261_B_NA_NA 0.0150411 0.0175156 0.0000000 0.0108533 0.0220588 0.0177448 0.0185593 0.0153533 0.0130944 0.0177852 0.0166536 0.0183452 0.0159241 0.0177665 0.0178001 0.0145537 0.0175947 0.0158665 0.0129355 0.0129522 0.0150366 0.0177707 0.0168973 0.0199490 0.0178080 0.0151292 0.0153443 0.0210470 0.0183555 0.0150119 0.0137559 0.0150779 0.0166892 0.0134874 0.0134704 0.0178352 0.0197042 0.0137371 0.0121123 0.0155777 0.0134673 0.0208958 0.0137071 0.0161250 0.0200218 0.0090551 0.0217719 0.0200344 0.0200252 0.0120993 0.0191593 0.0153152 0.0200252 0.0132911 0.0137134 0.0145102 0.0137140 0.0145125 0.0145029 0.0120950 0.0186452 0.0136548 0.0208902 0.0145029 0.0129252 0.0117089 0.0198477 0.0166452 0.0156871 0.0121137 0.0120903 0.0129670 0.0129331 0.0136551 0.0153682 0.0182267 0.0156972 0.0113296 0.0140846 0.0190899 0.0177207 0.0190860 0.0149002 0.0146013 0.0187193 0.0172852 0.0156100 0.0137774 0.0162474 0.0157736 0.0187789 0.0137809 0.0139404 0.0145510 0.0161464 0.0161384 0.0153897 0.0183519 0.0161479 0.0179124 0.0179131 0.0183519 0.0179235 0.0154223 0.0169492 0.0148771 0.0158103 0.0137806 0.0153298 0.0145202 0.0153261 0.0199396 0.0113405 0.0153414 0.0161759 0.0140844 0.0174909 0.0162053 0.0166111 0.0161838 0.0140963 0.0199983 0.0161478 0.0177915 0.0161598 0.0161478 0.0153935 0.0153375 0.0166889 0.0154589 0.0199021 0.0169702 0.0187703 0.0145620 0.0157679 0.0194278 0.0157716 0.0157679 0.0157716 0.0157679 0.0157736 0.0157679 0.0149704 0.0166029 0.0153810 0.0174694 0.0171006 0.0153551 0.0165948 0.0174402 0.0153628 0.0157778 0.0168622 0.0179406 0.0174933 0.0162734 0.0157679 0.0157713 0.0170847 0.0166086 0.0154458 0.0137656 0.0183144 0.0157679 0.0137756 0.0141350 0.0149445 0.0149995 0.0137791 0.0154206 0.0174696 0.0171311 0.0146043 0.0129848 0.0161827 0.0158127 0.0149531 0.0162734 0.0158535 0.0158304 0.0137572 0.0149445 0.0146315 0.0154423 0.0146315 0.0162933 0.0154560 0.0154500 0.0146665 0.0146406 0.0146425 0.0154464 
105696_787_2344_MF779260_B_NA_NA 0.0162478 0.0138032 0.0108533 0.0000000 0.0194069 0.0139379 0.0160074 0.0149258 0.0106356 0.0136414 0.0145691 0.0179817 0.0171708 0.0152306 0.0136019 0.0157630 0.0172146 0.0154557 0.0124634 0.0105485 0.0146109 0.0152342 0.0160646 0.0205742 0.0152642 0.0147023 0.0128703 0.0184395 0.0179924 0.0146428 0.0113264 0.0146519 0.0197555 0.0163322 0.0146715 0.0152867 0.0152976 0.0129115 0.0097491 0.0147352 0.0146680 0.0173928 0.0112886 0.0136339 0.0165479 0.0053819 0.0182414 0.0173967 0.0165513 0.0097405 0.0157147 0.0128477 0.0165513 0.0108455 0.0112943 0.0120667 0.0112948 0.0120679 0.0120605 0.0116110 0.0144591 0.0097380 0.0173882 0.0136354 0.0090284 0.0093099 0.0172147 0.0124795 0.0131790 0.0082679 0.0097330 0.0121109 0.0105367 0.0112485 0.0113322 0.0156209 0.0131874 0.0075308 0.0100669 0.0164608 0.0151121 0.0164569 0.0124089 0.0105922 0.0155311 0.0147204 0.0130944 0.0113421 0.0137302 0.0132461 0.0145520 0.0113452 0.0114817 0.0105565 0.0136494 0.0113041 0.0129049 0.0157443 0.0120821 0.0153469 0.0137334 0.0157443 0.0137418 0.0113664 0.0144317 0.0123905 0.0126229 0.0113449 0.0128576 0.0120727 0.0128543 0.0172868 0.0090026 0.0128576 0.0136619 0.0116069 0.0142437 0.0136871 0.0140493 0.0120964 0.0116170 0.0173467 0.0136407 0.0152375 0.0136507 0.0136407 0.0128982 0.0128543 0.0141118 0.0129502 0.0155721 0.0144388 0.0161682 0.0105563 0.0132414 0.0159377 0.0132448 0.0116528 0.0132448 0.0132414 0.0132461 0.0132414 0.0124632 0.0140530 0.0128959 0.0148930 0.0145529 0.0128765 0.0140458 0.0148672 0.0128832 0.0132496 0.0142772 0.0145566 0.0149105 0.0137496 0.0132414 0.0132445 0.0145419 0.0140577 0.0121571 0.0113326 0.0157127 0.0132414 0.0113407 0.0124502 0.0124415 0.0124851 0.0113436 0.0129286 0.0148900 0.0145785 0.0121378 0.0105747 0.0136787 0.0132768 0.0124490 0.0137496 0.0133125 0.0132911 0.0113258 0.0124415 0.0121584 0.0129445 0.0121584 0.0137662 0.0129558 0.0129512 0.0121870 0.0121658 0.0121663 0.0129479 
105696_787_2376_MF779259_B_NA_NA 0.0208716 0.0218127 0.0220588 0.0194069 0.0000000 0.0169754 0.0156575 0.0113408 0.0183448 0.0180689 0.0226083 0.0142882 0.0119216 0.0102228 0.0117743 0.0136292 0.0166905 0.0165800 0.0153246 0.0133250 0.0175205 0.0102251 0.0173355 0.0262673 0.0148040 0.0111805 0.0155977 0.0213688 0.0158163 0.0209196 0.0125111 0.0096398 0.0174655 0.0126801 0.0126734 0.0148252 0.0133843 0.0125292 0.0156435 0.0142865 0.0111475 0.0164919 0.0124693 0.0147845 0.0156869 0.0156122 0.0173007 0.0156977 0.0156901 0.0172320 0.0148933 0.0124698 0.0156901 0.0125191 0.0140044 0.0147825 0.0155645 0.0132396 0.0147753 0.0194238 0.0204815 0.0188587 0.0164877 0.0163606 0.0132349 0.0125205 0.0202312 0.0185189 0.0196486 0.0172592 0.0172210 0.0148390 0.0117186 0.0172291 0.0207047 0.0207449 0.0196611 0.0164276 0.0175868 0.0216077 0.0169434 0.0216040 0.0125162 0.0164621 0.0183069 0.0177123 0.0176968 0.0190494 0.0181056 0.0197663 0.0223408 0.0190532 0.0209508 0.0164065 0.0215086 0.0214983 0.0207400 0.0223996 0.0163827 0.0216484 0.0197654 0.0223996 0.0197763 0.0172830 0.0206369 0.0171917 0.0215108 0.0190528 0.0206508 0.0198020 0.0206470 0.0224596 0.0164490 0.0206679 0.0215565 0.0180376 0.0215216 0.0215933 0.0206162 0.0215658 0.0180520 0.0240546 0.0215114 0.0215058 0.0215276 0.0215114 0.0207466 0.0206626 0.0207172 0.0189810 0.0224160 0.0223741 0.0206210 0.0198662 0.0197591 0.0235101 0.0197629 0.0197591 0.0197629 0.0197591 0.0197663 0.0197591 0.0189569 0.0206060 0.0207347 0.0214899 0.0206511 0.0206923 0.0205970 0.0214563 0.0207014 0.0197714 0.0209088 0.0197980 0.0215243 0.0198102 0.0197591 0.0197624 0.0206274 0.0206131 0.0181357 0.0181243 0.0223539 0.0197591 0.0181385 0.0189374 0.0189244 0.0189971 0.0181431 0.0189330 0.0214965 0.0206875 0.0181028 0.0173230 0.0215615 0.0198187 0.0189355 0.0198102 0.0198650 0.0198411 0.0181132 0.0189244 0.0181396 0.0189639 0.0181396 0.0198343 0.0189804 0.0189725 0.0181816 0.0181507 0.0181524 0.0189687 
105696_787_2376_MF779258_B_NA_NA 0.0150545 0.0127439 0.0177448 0.0139379 0.0169754 0.0000000 0.0136987 0.0170045 0.0180036 0.0161524 0.0119463 0.0119735 0.0159276 0.0161269 0.0145347 0.0145663 0.0143703 0.0175039 0.0113894 0.0178302 0.0104222 0.0145163 0.0169827 0.0151104 0.0161744 0.0135580 0.0153580 0.0160663 0.0151166 0.0104420 0.0153739 0.0150807 0.0200928 0.0183770 0.0151115 0.0161986 0.0162100 0.0170553 0.0152694 0.0190187 0.0150973 0.0174876 0.0106124 0.0113862 0.0166435 0.0105614 0.0183347 0.0166551 0.0166469 0.0136693 0.0158107 0.0121602 0.0166469 0.0149166 0.0137248 0.0129387 0.0169545 0.0113856 0.0129321 0.0152549 0.0180613 0.0121058 0.0174830 0.0161407 0.0129357 0.0149187 0.0175451 0.0177369 0.0167484 0.0115145 0.0152494 0.0162028 0.0145284 0.0121061 0.0170208 0.0211135 0.0167594 0.0128840 0.0129760 0.0220114 0.0154245 0.0220076 0.0117136 0.0156354 0.0187383 0.0150241 0.0183706 0.0153998 0.0173200 0.0168447 0.0199077 0.0154035 0.0155772 0.0139557 0.0178115 0.0161532 0.0170464 0.0194822 0.0145438 0.0196286 0.0173234 0.0194822 0.0173336 0.0137691 0.0186300 0.0159217 0.0179296 0.0154031 0.0169774 0.0161507 0.0169737 0.0211055 0.0128978 0.0169907 0.0172420 0.0151142 0.0179387 0.0178786 0.0177003 0.0155926 0.0151271 0.0194090 0.0178135 0.0194912 0.0178269 0.0178135 0.0170510 0.0169863 0.0177861 0.0154729 0.0210644 0.0186533 0.0198979 0.0155929 0.0168384 0.0205861 0.0168423 0.0151677 0.0168423 0.0168384 0.0168447 0.0168384 0.0160260 0.0176914 0.0164318 0.0168738 0.0181946 0.0147622 0.0176828 0.0185465 0.0164107 0.0168491 0.0179678 0.0190529 0.0186047 0.0190529 0.0168384 0.0168419 0.0181761 0.0176976 0.0156685 0.0147786 0.0194418 0.0168384 0.0147897 0.0160090 0.0159972 0.0160576 0.0147936 0.0164747 0.0185793 0.0182274 0.0156400 0.0147936 0.0189372 0.0168880 0.0160073 0.0173493 0.0169312 0.0169072 0.0147695 0.0159972 0.0156704 0.0164994 0.0156704 0.0173709 0.0165142 0.0165076 0.0157082 0.0156803 0.0156822 0.0165037 
105696_787_2376_MF779257_B_NA_NA 0.0111270 0.0166999 0.0185593 0.0160074 0.0156575 0.0136987 0.0000000 0.0138980 0.0182716 0.0158249 0.0158497 0.0067567 0.0200348 0.0132917 0.0117831 0.0153506 0.0167744 0.0166626 0.0099786 0.0127005 0.0142491 0.0102795 0.0150366 0.0174538 0.0087971 0.0159334 0.0156741 0.0163669 0.0111607 0.0126655 0.0125701 0.0142779 0.0209227 0.0175343 0.0142962 0.0102698 0.0150040 0.0119626 0.0124471 0.0143564 0.0143031 0.0145131 0.0095429 0.0117790 0.0137164 0.0109685 0.0153137 0.0137265 0.0137196 0.0124855 0.0129306 0.0095434 0.0137196 0.0136623 0.0125337 0.0117778 0.0156405 0.0102853 0.0117718 0.0160477 0.0183287 0.0124826 0.0145094 0.0148572 0.0132977 0.0136639 0.0157408 0.0180148 0.0154176 0.0119076 0.0140059 0.0149111 0.0117731 0.0109825 0.0173061 0.0196039 0.0154274 0.0132454 0.0133387 0.0204689 0.0136647 0.0204651 0.0105819 0.0159504 0.0173474 0.0133007 0.0165416 0.0141366 0.0159690 0.0155008 0.0201431 0.0141400 0.0142990 0.0143025 0.0164610 0.0164541 0.0157200 0.0180345 0.0148755 0.0182000 0.0176067 0.0180345 0.0176168 0.0151578 0.0156486 0.0146210 0.0171799 0.0141397 0.0156597 0.0148645 0.0156561 0.0195948 0.0117415 0.0156714 0.0159000 0.0138410 0.0171883 0.0165212 0.0163241 0.0159077 0.0138526 0.0196548 0.0164636 0.0164594 0.0164756 0.0164636 0.0157239 0.0156674 0.0163993 0.0142005 0.0195588 0.0172718 0.0184492 0.0159081 0.0154952 0.0190906 0.0154989 0.0154952 0.0154989 0.0154952 0.0155008 0.0154952 0.0147113 0.0163162 0.0151179 0.0171681 0.0168071 0.0150931 0.0163083 0.0171393 0.0151005 0.0155048 0.0165680 0.0176328 0.0171906 0.0176328 0.0154952 0.0154985 0.0167920 0.0163217 0.0143802 0.0135293 0.0179982 0.0154952 0.0135396 0.0146961 0.0146857 0.0147387 0.0135431 0.0151562 0.0171675 0.0168366 0.0143538 0.0135431 0.0175320 0.0155384 0.0146946 0.0159938 0.0155781 0.0155554 0.0135211 0.0146857 0.0143799 0.0151770 0.0143799 0.0160132 0.0151902 0.0151845 0.0144132 0.0143886 0.0143900 0.0151809 
105696_787_2376_MF779256_B_NA_NA 0.0136855 0.0151616 0.0153533 0.0149258 0.0113408 0.0170045 0.0138980 0.0000000 0.0151080 0.0121183 0.0175544 0.0121484 0.0119405 0.0105646 0.0122095 0.0105891 0.0135169 0.0103906 0.0087961 0.0121327 0.0159105 0.0105670 0.0129034 0.0220819 0.0130453 0.0111895 0.0113548 0.0169490 0.0105351 0.0153089 0.0083514 0.0067563 0.0127191 0.0096767 0.0081980 0.0099625 0.0122362 0.0068512 0.0123094 0.0100168 0.0082027 0.0137715 0.0098117 0.0121041 0.0129751 0.0113634 0.0145723 0.0129848 0.0129781 0.0129336 0.0121897 0.0098121 0.0129781 0.0083572 0.0098168 0.0121028 0.0113327 0.0105726 0.0120965 0.0129291 0.0160961 0.0145135 0.0137679 0.0121057 0.0090689 0.0083578 0.0174440 0.0141177 0.0152881 0.0129499 0.0129242 0.0106095 0.0075952 0.0145138 0.0162626 0.0162903 0.0152979 0.0121520 0.0132407 0.0171264 0.0141749 0.0171226 0.0098472 0.0121737 0.0139319 0.0149481 0.0133170 0.0146476 0.0137606 0.0153704 0.0178612 0.0146512 0.0164682 0.0121324 0.0170515 0.0170432 0.0162864 0.0179048 0.0121181 0.0188546 0.0153706 0.0179048 0.0153798 0.0129638 0.0178671 0.0144919 0.0170495 0.0146509 0.0162214 0.0153985 0.0162176 0.0179485 0.0121645 0.0162339 0.0170843 0.0137125 0.0170579 0.0171152 0.0161937 0.0170925 0.0137240 0.0195282 0.0170533 0.0187241 0.0170662 0.0170533 0.0162906 0.0162297 0.0162682 0.0145988 0.0179168 0.0178895 0.0161975 0.0154440 0.0153649 0.0189618 0.0153685 0.0153649 0.0153685 0.0153649 0.0153704 0.0153649 0.0145811 0.0161858 0.0162779 0.0170380 0.0162175 0.0162494 0.0161779 0.0170093 0.0162574 0.0153744 0.0164363 0.0153908 0.0170602 0.0154017 0.0153649 0.0153682 0.0162035 0.0161913 0.0137839 0.0137750 0.0178687 0.0153649 0.0137854 0.0145660 0.0145558 0.0146083 0.0137889 0.0145631 0.0170372 0.0162461 0.0137584 0.0129939 0.0170910 0.0154076 0.0145646 0.0154017 0.0154471 0.0154245 0.0137666 0.0145558 0.0137831 0.0145827 0.0137831 0.0154205 0.0145955 0.0145901 0.0138154 0.0137915 0.0137930 0.0145865 
105696_787_2376_MF779255_B_NA_NA 0.0168847 0.0160479 0.0130944 0.0106356 0.0183448 0.0180036 0.0182716 0.0151080 0.0000000 0.0175066 0.0168271 0.0203070 0.0161573 0.0158681 0.0158322 0.0147715 0.0178510 0.0160873 0.0127254 0.0143070 0.0152574 0.0174929 0.0183410 0.0238162 0.0175290 0.0169876 0.0150994 0.0190416 0.0203157 0.0185783 0.0135334 0.0169266 0.0203717 0.0169718 0.0169518 0.0175554 0.0177155 0.0151509 0.0134545 0.0170273 0.0153169 0.0205722 0.0134863 0.0142693 0.0197095 0.0103806 0.0214373 0.0197218 0.0197128 0.0103885 0.0188582 0.0150713 0.0197128 0.0130728 0.0134924 0.0158674 0.0104275 0.0142792 0.0158597 0.0138570 0.0183548 0.0150014 0.0205668 0.0158707 0.0127157 0.0130744 0.0178389 0.0163774 0.0154350 0.0119167 0.0118942 0.0143325 0.0127234 0.0134361 0.0151224 0.0179364 0.0154449 0.0111447 0.0138549 0.0187879 0.0174357 0.0187840 0.0146588 0.0143658 0.0178282 0.0153604 0.0153579 0.0135541 0.0159880 0.0139061 0.0184842 0.0135575 0.0137131 0.0143170 0.0127233 0.0158825 0.0151432 0.0163931 0.0158918 0.0176298 0.0176306 0.0163931 0.0176408 0.0151746 0.0150743 0.0146364 0.0155541 0.0135572 0.0135077 0.0127256 0.0150816 0.0179263 0.0111551 0.0150965 0.0159187 0.0138545 0.0172112 0.0159473 0.0163443 0.0159264 0.0138661 0.0196860 0.0142976 0.0158876 0.0143080 0.0142976 0.0151468 0.0150926 0.0164198 0.0152101 0.0178947 0.0150926 0.0184760 0.0143275 0.0155130 0.0191201 0.0155167 0.0155130 0.0138943 0.0155130 0.0155186 0.0155130 0.0147270 0.0163363 0.0151345 0.0163582 0.0168286 0.0151096 0.0163284 0.0171620 0.0151171 0.0155226 0.0165891 0.0176569 0.0172135 0.0160129 0.0155130 0.0155163 0.0168135 0.0163419 0.0151973 0.0135420 0.0180237 0.0155130 0.0135523 0.0147118 0.0147013 0.0147546 0.0135558 0.0151729 0.0171903 0.0168582 0.0143685 0.0127732 0.0159254 0.0155564 0.0147103 0.0160129 0.0155962 0.0155735 0.0135338 0.0147013 0.0143946 0.0151938 0.0143946 0.0160323 0.0152071 0.0152013 0.0144281 0.0144034 0.0144048 0.0151977 
105696_787_2376_MF779254_B_NA_NA 0.0144529 0.0159389 0.0177852 0.0136414 0.0180689 0.0161524 0.0158249 0.0121183 0.0175066 0.0000000 0.0183477 0.0160521 0.0192719 0.0172958 0.0125402 0.0161602 0.0193270 0.0192031 0.0112892 0.0124538 0.0166905 0.0172998 0.0117331 0.0246967 0.0183430 0.0167958 0.0133517 0.0172190 0.0177742 0.0144794 0.0133739 0.0167362 0.0218757 0.0167690 0.0135575 0.0151146 0.0175179 0.0117778 0.0126731 0.0168347 0.0151396 0.0186475 0.0133278 0.0156900 0.0194962 0.0102532 0.0194907 0.0178192 0.0178108 0.0132814 0.0186513 0.0148985 0.0178108 0.0129158 0.0133338 0.0156877 0.0148944 0.0141139 0.0156801 0.0152871 0.0175619 0.0117485 0.0186426 0.0156910 0.0110509 0.0129173 0.0204320 0.0155861 0.0162758 0.0111772 0.0132721 0.0141654 0.0125719 0.0148303 0.0149484 0.0188169 0.0162863 0.0110094 0.0110742 0.0196787 0.0183150 0.0196748 0.0144872 0.0135999 0.0182248 0.0178737 0.0162018 0.0149650 0.0168343 0.0163664 0.0193621 0.0149686 0.0167522 0.0135538 0.0173210 0.0157023 0.0165722 0.0189413 0.0141317 0.0190934 0.0168376 0.0189413 0.0168475 0.0144011 0.0181218 0.0154684 0.0180726 0.0149682 0.0165070 0.0156999 0.0165034 0.0205275 0.0125285 0.0165196 0.0167603 0.0146794 0.0180815 0.0173852 0.0172019 0.0151500 0.0146917 0.0205823 0.0173235 0.0189634 0.0173362 0.0173235 0.0165765 0.0165154 0.0172830 0.0150341 0.0204887 0.0181440 0.0193530 0.0120085 0.0163605 0.0200181 0.0163642 0.0147298 0.0163642 0.0163605 0.0163664 0.0163605 0.0155666 0.0171935 0.0159683 0.0180591 0.0176873 0.0159410 0.0171852 0.0180289 0.0159488 0.0163707 0.0174583 0.0185258 0.0180839 0.0168617 0.0163605 0.0163638 0.0176703 0.0171994 0.0152227 0.0143555 0.0189027 0.0163605 0.0143664 0.0155504 0.0155393 0.0155966 0.0143701 0.0160091 0.0180597 0.0177186 0.0151947 0.0135779 0.0167669 0.0164072 0.0155488 0.0168617 0.0164487 0.0164255 0.0143467 0.0155393 0.0152232 0.0160322 0.0152232 0.0168822 0.0160462 0.0160400 0.0152589 0.0152326 0.0152341 0.0160363 
105696_787_2376_MF779253_B_NA_NA 0.0125053 0.0102548 0.0166536 0.0145691 0.0226083 0.0119463 0.0158497 0.0175544 0.0168271 0.0183477 0.0000000 0.0156580 0.0180957 0.0183275 0.0150499 0.0151293 0.0215113 0.0164284 0.0104506 0.0183765 0.0125011 0.0166941 0.0191910 0.0222918 0.0183705 0.0189449 0.0175421 0.0199040 0.0189107 0.0125260 0.0143239 0.0172432 0.0173073 0.0172886 0.0172687 0.0183984 0.0237646 0.0176068 0.0191004 0.0195657 0.0172647 0.0214550 0.0142833 0.0150854 0.0205840 0.0142118 0.0223281 0.0205965 0.0205873 0.0174262 0.0197244 0.0158852 0.0205873 0.0171175 0.0175015 0.0166894 0.0175023 0.0150852 0.0166815 0.0174210 0.0220228 0.0158106 0.0214494 0.0199988 0.0150801 0.0171203 0.0197951 0.0200071 0.0206922 0.0152424 0.0174151 0.0184039 0.0166963 0.0158109 0.0192334 0.0234379 0.0207058 0.0150178 0.0167432 0.0243479 0.0194017 0.0243444 0.0154794 0.0178526 0.0221157 0.0189407 0.0206416 0.0192608 0.0212875 0.0208230 0.0239684 0.0192647 0.0177869 0.0177907 0.0217377 0.0200212 0.0192647 0.0235617 0.0183582 0.0236507 0.0212908 0.0235617 0.0213025 0.0187095 0.0225807 0.0198420 0.0208766 0.0192642 0.0208733 0.0200182 0.0208696 0.0252498 0.0166371 0.0208908 0.0211884 0.0190204 0.0226498 0.0218238 0.0217061 0.0194848 0.0190358 0.0252710 0.0217403 0.0234743 0.0217569 0.0217403 0.0209711 0.0208854 0.0218178 0.0193576 0.0251965 0.0226092 0.0239540 0.0178049 0.0208152 0.0247167 0.0208191 0.0190925 0.0208191 0.0208152 0.0208230 0.0208152 0.0199832 0.0216950 0.0203600 0.0226145 0.0222030 0.0203186 0.0216855 0.0225781 0.0203277 0.0208285 0.0220196 0.0230910 0.0208773 0.0213294 0.0208152 0.0208186 0.0221746 0.0217027 0.0195852 0.0186453 0.0235122 0.0208152 0.0186595 0.0199622 0.0199473 0.0200272 0.0186643 0.0204131 0.0226229 0.0222433 0.0195499 0.0178243 0.0211936 0.0208811 0.0199600 0.0213294 0.0209304 0.0209056 0.0186336 0.0199473 0.0195923 0.0204493 0.0195923 0.0213561 0.0187552 0.0204585 0.0196398 0.0196047 0.0196072 0.0204546 
105696_787_2376_MF779252_B_NA_NA 0.0109800 0.0149048 0.0183452 0.0179817 0.0142882 0.0119735 0.0067567 0.0121484 0.0203070 0.0160521 0.0156580 0.0000000 0.0198128 0.0151142 0.0104052 0.0119299 0.0133492 0.0164644 0.0083227 0.0113001 0.0124872 0.0119843 0.0153127 0.0140230 0.0104396 0.0157400 0.0175958 0.0166647 0.0110128 0.0109970 0.0143718 0.0125551 0.0189286 0.0173289 0.0141171 0.0119720 0.0203248 0.0137575 0.0142233 0.0162547 0.0141240 0.0152480 0.0112187 0.0135432 0.0144392 0.0126914 0.0160611 0.0144497 0.0144424 0.0142687 0.0136421 0.0112192 0.0144424 0.0143810 0.0143268 0.0135416 0.0175556 0.0119906 0.0135347 0.0158531 0.0203703 0.0142655 0.0152441 0.0167418 0.0151210 0.0143829 0.0177288 0.0200766 0.0173605 0.0136888 0.0158475 0.0168068 0.0135367 0.0127073 0.0192968 0.0217367 0.0173718 0.0150582 0.0151708 0.0226361 0.0144112 0.0226324 0.0112605 0.0179087 0.0187437 0.0151953 0.0185577 0.0154024 0.0179321 0.0168485 0.0216670 0.0154061 0.0155799 0.0161899 0.0178161 0.0184059 0.0170503 0.0194886 0.0167654 0.0196350 0.0196349 0.0194886 0.0190385 0.0170882 0.0169691 0.0165345 0.0185982 0.0154057 0.0169812 0.0161538 0.0169775 0.0211137 0.0134990 0.0169946 0.0172461 0.0157292 0.0186076 0.0178833 0.0177049 0.0172544 0.0157424 0.0194153 0.0178181 0.0178134 0.0178315 0.0178181 0.0170549 0.0169902 0.0177908 0.0154755 0.0210726 0.0186587 0.0199046 0.0172551 0.0168422 0.0205937 0.0168461 0.0168422 0.0168461 0.0168422 0.0168485 0.0168422 0.0160291 0.0176960 0.0164352 0.0168776 0.0181996 0.0147643 0.0176874 0.0185519 0.0164141 0.0168529 0.0179726 0.0190588 0.0186101 0.0190588 0.0168422 0.0168457 0.0181811 0.0177022 0.0156714 0.0147808 0.0194481 0.0168422 0.0147919 0.0160121 0.0160003 0.0158086 0.0147958 0.0164781 0.0185848 0.0182325 0.0156428 0.0147958 0.0189428 0.0168918 0.0160104 0.0173535 0.0169350 0.0169111 0.0147716 0.0160003 0.0162837 0.0171127 0.0162837 0.0179853 0.0171279 0.0171210 0.0163228 0.0162939 0.0162959 0.0171172 
105696_787_2376_MF779251_B_NA_NA 0.0180958 0.0189846 0.0159241 0.0171708 0.0119216 0.0159276 0.0200348 0.0119405 0.0161573 0.0192719 0.0180957 0.0198128 0.0000000 0.0111402 0.0159635 0.0111838 0.0156621 0.0140036 0.0159728 0.0176333 0.0133273 0.0142224 0.0201277 0.0250119 0.0158444 0.0117742 0.0150560 0.0225570 0.0148125 0.0197898 0.0134982 0.0087743 0.0117562 0.0073642 0.0117424 0.0142525 0.0128275 0.0135190 0.0135125 0.0153304 0.0117398 0.0187873 0.0134514 0.0158222 0.0179463 0.0150697 0.0196310 0.0179581 0.0179497 0.0166952 0.0171164 0.0134520 0.0179497 0.0130394 0.0134575 0.0158199 0.0134581 0.0142402 0.0158123 0.0166900 0.0199547 0.0199929 0.0187824 0.0158231 0.0126845 0.0130409 0.0214116 0.0179785 0.0191199 0.0167211 0.0166843 0.0142931 0.0111606 0.0183273 0.0201721 0.0202110 0.0191321 0.0158878 0.0170472 0.0210755 0.0192929 0.0210717 0.0146173 0.0159208 0.0183630 0.0188382 0.0171535 0.0185115 0.0175686 0.0192337 0.0218127 0.0185153 0.0187121 0.0158667 0.0209790 0.0209687 0.0202062 0.0218699 0.0158440 0.0228752 0.0192330 0.0218699 0.0192438 0.0167436 0.0218181 0.0182991 0.0192808 0.0185149 0.0201194 0.0192687 0.0201157 0.0219282 0.0159082 0.0201361 0.0210250 0.0175028 0.0209909 0.0210613 0.0200855 0.0210342 0.0175169 0.0235293 0.0209814 0.0227064 0.0209974 0.0209814 0.0202125 0.0201309 0.0201840 0.0184452 0.0218858 0.0218456 0.0200902 0.0193309 0.0192267 0.0229801 0.0192305 0.0192267 0.0192305 0.0192267 0.0192337 0.0192267 0.0184220 0.0200755 0.0202003 0.0209609 0.0201191 0.0201595 0.0200665 0.0209274 0.0201685 0.0192387 0.0203740 0.0192641 0.0209936 0.0192762 0.0192267 0.0192301 0.0184061 0.0200824 0.0175981 0.0175873 0.0218251 0.0192267 0.0176007 0.0184030 0.0183899 0.0184604 0.0176052 0.0183984 0.0209662 0.0201548 0.0175659 0.0167826 0.0210303 0.0192845 0.0184010 0.0192762 0.0193303 0.0193063 0.0175764 0.0183899 0.0176013 0.0184279 0.0176013 0.0192999 0.0184442 0.0184365 0.0176428 0.0176122 0.0176141 0.0184327 
105696_787_2376_MF779250_B_NA_NA 0.0166795 0.0192148 0.0177665 0.0152306 0.0102228 0.0161269 0.0132917 0.0105646 0.0158681 0.0172958 0.0183275 0.0151142 0.0111402 0.0000000 0.0095546 0.0128744 0.0158560 0.0096221 0.0145531 0.0125830 0.0166750 0.0080454 0.0164969 0.0217801 0.0124756 0.0134633 0.0117289 0.0204849 0.0134312 0.0167126 0.0087928 0.0060302 0.0134538 0.0089084 0.0089105 0.0109824 0.0125852 0.0088029 0.0102593 0.0074843 0.0103842 0.0120763 0.0087663 0.0109640 0.0113087 0.0117377 0.0128482 0.0113174 0.0113115 0.0117463 0.0105513 0.0087667 0.0113115 0.0097760 0.0102240 0.0094879 0.0117065 0.0094957 0.0109574 0.0152750 0.0163672 0.0148192 0.0120733 0.0124625 0.0094928 0.0097768 0.0160614 0.0128609 0.0155766 0.0132905 0.0132644 0.0110008 0.0080521 0.0132711 0.0165331 0.0149502 0.0155862 0.0125093 0.0135777 0.0157516 0.0140284 0.0157479 0.0097734 0.0125314 0.0148443 0.0136662 0.0136544 0.0149538 0.0140841 0.0140868 0.0164748 0.0149573 0.0167365 0.0124900 0.0156959 0.0172963 0.0165571 0.0149176 0.0124753 0.0190709 0.0140771 0.0165127 0.0140854 0.0133046 0.0164805 0.0147977 0.0173028 0.0149570 0.0149009 0.0141117 0.0164884 0.0149396 0.0125221 0.0165047 0.0173373 0.0140358 0.0173111 0.0173679 0.0164647 0.0173454 0.0140472 0.0180764 0.0156984 0.0173020 0.0157098 0.0156984 0.0165613 0.0165005 0.0165384 0.0149049 0.0165231 0.0165005 0.0164685 0.0157326 0.0156536 0.0191756 0.0156571 0.0156536 0.0156571 0.0156536 0.0156591 0.0156536 0.0148874 0.0164569 0.0165489 0.0172912 0.0164885 0.0149140 0.0164490 0.0172627 0.0165281 0.0156630 0.0167048 0.0156796 0.0173133 0.0156904 0.0156536 0.0156568 0.0164743 0.0164623 0.0141074 0.0140988 0.0181043 0.0156536 0.0141089 0.0148724 0.0148620 0.0149145 0.0141125 0.0148692 0.0172906 0.0165169 0.0140819 0.0133348 0.0173438 0.0156963 0.0148710 0.0156904 0.0157354 0.0157131 0.0140904 0.0148620 0.0141068 0.0148890 0.0141068 0.0157091 0.0149018 0.0148963 0.0141394 0.0141153 0.0141170 0.0148928 
105696_787_2376_MF779249_B_NA_NA 0.0150977 0.0142956 0.0178001 0.0136019 0.0117743 0.0145347 0.0117831 0.0122095 0.0158322 0.0125402 0.0150499 0.0104052 0.0159635 0.0095546 0.0000000 0.0129070 0.0175928 0.0143089 0.0113805 0.0110062 0.0150358 0.0110476 0.0133614 0.0200227 0.0157242 0.0135855 0.0149375 0.0172330 0.0151495 0.0151260 0.0118471 0.0119806 0.0151187 0.0135651 0.0120031 0.0126013 0.0142733 0.0118638 0.0132969 0.0120425 0.0120003 0.0153586 0.0118078 0.0141245 0.0145500 0.0117512 0.0161712 0.0145605 0.0145532 0.0117598 0.0137527 0.0118083 0.0145532 0.0129256 0.0133438 0.0125673 0.0149059 0.0125780 0.0141157 0.0152992 0.0192398 0.0148415 0.0153547 0.0157033 0.0125737 0.0129270 0.0183154 0.0155876 0.0162891 0.0127140 0.0132820 0.0141763 0.0110568 0.0132886 0.0165616 0.0171338 0.0162995 0.0125248 0.0141643 0.0179794 0.0162028 0.0179755 0.0129225 0.0152028 0.0176443 0.0157919 0.0157779 0.0143796 0.0168481 0.0157720 0.0204902 0.0143831 0.0161665 0.0151509 0.0167424 0.0173275 0.0159896 0.0183494 0.0157239 0.0185121 0.0168400 0.0183494 0.0162474 0.0160237 0.0175444 0.0154808 0.0174801 0.0143828 0.0159270 0.0151185 0.0159234 0.0182020 0.0125377 0.0159392 0.0161743 0.0146910 0.0174888 0.0168040 0.0166092 0.0161822 0.0147033 0.0199952 0.0167444 0.0183865 0.0167568 0.0167444 0.0159936 0.0159351 0.0166873 0.0144458 0.0198990 0.0175661 0.0187677 0.0145609 0.0157663 0.0194249 0.0157700 0.0157663 0.0157700 0.0157663 0.0157720 0.0157663 0.0149696 0.0166011 0.0153796 0.0174677 0.0170987 0.0137393 0.0165929 0.0174380 0.0153614 0.0157762 0.0168602 0.0179383 0.0174911 0.0162717 0.0157663 0.0157696 0.0170828 0.0166068 0.0146304 0.0137643 0.0183119 0.0157663 0.0137746 0.0149539 0.0149431 0.0147636 0.0137782 0.0154192 0.0174674 0.0171291 0.0146032 0.0129841 0.0161811 0.0158111 0.0149524 0.0162717 0.0158519 0.0158287 0.0137559 0.0149431 0.0152353 0.0160451 0.0152353 0.0168962 0.0160592 0.0160530 0.0152711 0.0152447 0.0152463 0.0160493 
105696_787_2376_MF779248_B_NA_NA 0.0104652 0.0176140 0.0145537 0.0157630 0.0136292 0.0145663 0.0153506 0.0105891 0.0147715 0.0161602 0.0151293 0.0119299 0.0111838 0.0128744 0.0129070 0.0000000 0.0111716 0.0126655 0.0129526 0.0145056 0.0119407 0.0128774 0.0187398 0.0200678 0.0113510 0.0119541 0.0136949 0.0211764 0.0119256 0.0167673 0.0121401 0.0119082 0.0134520 0.0119368 0.0104100 0.0113669 0.0146284 0.0121577 0.0153473 0.0139477 0.0134700 0.0141063 0.0090667 0.0113381 0.0132973 0.0121389 0.0149192 0.0133073 0.0133004 0.0137266 0.0124991 0.0090671 0.0133004 0.0116662 0.0105733 0.0113370 0.0121052 0.0098202 0.0113310 0.0153217 0.0169219 0.0137235 0.0141026 0.0128865 0.0113342 0.0116674 0.0166162 0.0165865 0.0161050 0.0137448 0.0153162 0.0129315 0.0098157 0.0137238 0.0187819 0.0188170 0.0161153 0.0145214 0.0140453 0.0196796 0.0145217 0.0196757 0.0101139 0.0145503 0.0153506 0.0141404 0.0157627 0.0148572 0.0145662 0.0155875 0.0181082 0.0148609 0.0150324 0.0129165 0.0172893 0.0178869 0.0148609 0.0181531 0.0129005 0.0191154 0.0161941 0.0181531 0.0155971 0.0137604 0.0181142 0.0153004 0.0156235 0.0148605 0.0164491 0.0156163 0.0164453 0.0181981 0.0129507 0.0164621 0.0173231 0.0145143 0.0172960 0.0173547 0.0164208 0.0173315 0.0145264 0.0197940 0.0172912 0.0189813 0.0173043 0.0172912 0.0165205 0.0164578 0.0164975 0.0148070 0.0181654 0.0181371 0.0164247 0.0173322 0.0155819 0.0192237 0.0155856 0.0155819 0.0155856 0.0155819 0.0155875 0.0155819 0.0147889 0.0164128 0.0165076 0.0172754 0.0164454 0.0164781 0.0164047 0.0172461 0.0164862 0.0155916 0.0166687 0.0156086 0.0172983 0.0172833 0.0155819 0.0155852 0.0164308 0.0164184 0.0139817 0.0139727 0.0181161 0.0155819 0.0139832 0.0147734 0.0147628 0.0145856 0.0139869 0.0147703 0.0172749 0.0164747 0.0139555 0.0139869 0.0190300 0.0156258 0.0147720 0.0156198 0.0156662 0.0156432 0.0139641 0.0147628 0.0145908 0.0153992 0.0145908 0.0162476 0.0154128 0.0154069 0.0146253 0.0145998 0.0146014 0.0154032 
105696_787_2376_MF779247_B_NA_NA 0.0181432 0.0173845 0.0175947 0.0172146 0.0166905 0.0143703 0.0167744 0.0135169 0.0178510 0.0193270 0.0215113 0.0133492 0.0156621 0.0158560 0.0175928 0.0111716 0.0000000 0.0156062 0.0143994 0.0143649 0.0148592 0.0142708 0.0201882 0.0198125 0.0111950 0.0102953 0.0119546 0.0159028 0.0132979 0.0165477 0.0119741 0.0117565 0.0164167 0.0148559 0.0132933 0.0143183 0.0144309 0.0135541 0.0151426 0.0153750 0.0117666 0.0139035 0.0104221 0.0127105 0.0115390 0.0119730 0.0147064 0.0131145 0.0131077 0.0119818 0.0123165 0.0104225 0.0131077 0.0099657 0.0089374 0.0096684 0.0119313 0.0096765 0.0111671 0.0135268 0.0150802 0.0135184 0.0138999 0.0127121 0.0096735 0.0099665 0.0151780 0.0147341 0.0142887 0.0119959 0.0135218 0.0112123 0.0096792 0.0119701 0.0168732 0.0168909 0.0142977 0.0112085 0.0107282 0.0177266 0.0131437 0.0177227 0.0099631 0.0127746 0.0151458 0.0127962 0.0143682 0.0130414 0.0127870 0.0137598 0.0162001 0.0130448 0.0148156 0.0111985 0.0154045 0.0159992 0.0146476 0.0162380 0.0111862 0.0171598 0.0143629 0.0162380 0.0137686 0.0120077 0.0145805 0.0135086 0.0154017 0.0130445 0.0145913 0.0137847 0.0145877 0.0162758 0.0112277 0.0146022 0.0154323 0.0127437 0.0154092 0.0154606 0.0145665 0.0154400 0.0127544 0.0161821 0.0154062 0.0154022 0.0154177 0.0154062 0.0146510 0.0145985 0.0146312 0.0129996 0.0162485 0.0162260 0.0145700 0.0154403 0.0137549 0.0156044 0.0137584 0.0137549 0.0137584 0.0137549 0.0137598 0.0137549 0.0129841 0.0145596 0.0146386 0.0137834 0.0145865 0.0130159 0.0145522 0.0153667 0.0146221 0.0137633 0.0147875 0.0137764 0.0154113 0.0153981 0.0137549 0.0137580 0.0145755 0.0145644 0.0122026 0.0121945 0.0162058 0.0137549 0.0122036 0.0129708 0.0129619 0.0128037 0.0122068 0.0129686 0.0153904 0.0146121 0.0121800 0.0122068 0.0170872 0.0137916 0.0129695 0.0137866 0.0138279 0.0138064 0.0121871 0.0129619 0.0128069 0.0135894 0.0128069 0.0144081 0.0136012 0.0135964 0.0128362 0.0128146 0.0128156 0.0135929 
105696_787_2376_MF779246_B_NA_NA 0.0164180 0.0140887 0.0158665 0.0154557 0.0165800 0.0175039 0.0166626 0.0103906 0.0160873 0.0192031 0.0164284 0.0164644 0.0140036 0.0096221 0.0143089 0.0126655 0.0156062 0.0000000 0.0127526 0.0159376 0.0164136 0.0126356 0.0200561 0.0231830 0.0142077 0.0147949 0.0134367 0.0207573 0.0147597 0.0164499 0.0104036 0.0102076 0.0117314 0.0117152 0.0102175 0.0126663 0.0143388 0.0104170 0.0166591 0.0090729 0.0117063 0.0154234 0.0118720 0.0126335 0.0146157 0.0134479 0.0162345 0.0146262 0.0146189 0.0119102 0.0138188 0.0118725 0.0146189 0.0114440 0.0118777 0.0126321 0.0103680 0.0126419 0.0141805 0.0150313 0.0182269 0.0182616 0.0154194 0.0141907 0.0111219 0.0114451 0.0179329 0.0146388 0.0174106 0.0150574 0.0150259 0.0126876 0.0096324 0.0166324 0.0184197 0.0167885 0.0174216 0.0142466 0.0153670 0.0176168 0.0175322 0.0176130 0.0129884 0.0142741 0.0166626 0.0154615 0.0154589 0.0167922 0.0158817 0.0175091 0.0200286 0.0167959 0.0169791 0.0142260 0.0175400 0.0192029 0.0184487 0.0183986 0.0142074 0.0210517 0.0158740 0.0200791 0.0158833 0.0150757 0.0200343 0.0166072 0.0175503 0.0167956 0.0183725 0.0175408 0.0183687 0.0184314 0.0142631 0.0167420 0.0192517 0.0158244 0.0192214 0.0192854 0.0183416 0.0192605 0.0158373 0.0200053 0.0192144 0.0209018 0.0192288 0.0192144 0.0184540 0.0183824 0.0184283 0.0167343 0.0200931 0.0200593 0.0183459 0.0175949 0.0175028 0.0211576 0.0175066 0.0175028 0.0158719 0.0175028 0.0175091 0.0175028 0.0167136 0.0183326 0.0184415 0.0183568 0.0183704 0.0167468 0.0183242 0.0191652 0.0184152 0.0175136 0.0186079 0.0175346 0.0192239 0.0175462 0.0175028 0.0175062 0.0183520 0.0183388 0.0159083 0.0158982 0.0200386 0.0175028 0.0159103 0.0166964 0.0166849 0.0167467 0.0159144 0.0166929 0.0191986 0.0184027 0.0158792 0.0151105 0.0192577 0.0175533 0.0166947 0.0175462 0.0175961 0.0175727 0.0158885 0.0166849 0.0159094 0.0167175 0.0159094 0.0175675 0.0167321 0.0167256 0.0159464 0.0159192 0.0159207 0.0167218 
105696_787_2376_MF779245_B_NA_NA 0.0113301 0.0112299 0.0129355 0.0124634 0.0153246 0.0113894 0.0099786 0.0087961 0.0127254 0.0112892 0.0104506 0.0083227 0.0159728 0.0145531 0.0113805 0.0129526 0.0143994 0.0127526 0.0000000 0.0083079 0.0104400 0.0114088 0.0136645 0.0194613 0.0123497 0.0135846 0.0122039 0.0144897 0.0145120 0.0128983 0.0106660 0.0119893 0.0168097 0.0135742 0.0135570 0.0139624 0.0180607 0.0106114 0.0130743 0.0140483 0.0104770 0.0175281 0.0106309 0.0114067 0.0166810 0.0105797 0.0183784 0.0166926 0.0166844 0.0121312 0.0158453 0.0121829 0.0166844 0.0117384 0.0121789 0.0129636 0.0121795 0.0114062 0.0129569 0.0121269 0.0181037 0.0136932 0.0175235 0.0145557 0.0114027 0.0117396 0.0175862 0.0160820 0.0151229 0.0115356 0.0121222 0.0130124 0.0114096 0.0121286 0.0154146 0.0176718 0.0151328 0.0113586 0.0130011 0.0185402 0.0154575 0.0185363 0.0117354 0.0140329 0.0171007 0.0150563 0.0150428 0.0138166 0.0156878 0.0152060 0.0199577 0.0138201 0.0123817 0.0139841 0.0161962 0.0161884 0.0154363 0.0177983 0.0145737 0.0179720 0.0173633 0.0177983 0.0173736 0.0148579 0.0153647 0.0143074 0.0152414 0.0138198 0.0153759 0.0145626 0.0153723 0.0193945 0.0113695 0.0153876 0.0156184 0.0135081 0.0169324 0.0162558 0.0160487 0.0156263 0.0135198 0.0194572 0.0161979 0.0161937 0.0162100 0.0161979 0.0154401 0.0153837 0.0161243 0.0138803 0.0193582 0.0170245 0.0182251 0.0139946 0.0152004 0.0188780 0.0152041 0.0152004 0.0152041 0.0152004 0.0152060 0.0152004 0.0143975 0.0160408 0.0148177 0.0169125 0.0165446 0.0147931 0.0160327 0.0168832 0.0148006 0.0152100 0.0162955 0.0173894 0.0169348 0.0157125 0.0152004 0.0152038 0.0165298 0.0160463 0.0140617 0.0131930 0.0177616 0.0152004 0.0132029 0.0143822 0.0143717 0.0144244 0.0132063 0.0148562 0.0169114 0.0165744 0.0140352 0.0124073 0.0156253 0.0152436 0.0143808 0.0157125 0.0152838 0.0152607 0.0131848 0.0143717 0.0140611 0.0148768 0.0140611 0.0157320 0.0148901 0.0148844 0.0140948 0.0140699 0.0140715 0.0148807 
105696_787_2376_MF779244_B_NA_NA 0.0160826 0.0175989 0.0129522 0.0105485 0.0133250 0.0178302 0.0127005 0.0121327 0.0143070 0.0124538 0.0183765 0.0113001 0.0176333 0.0125830 0.0110062 0.0145056 0.0143649 0.0159376 0.0083079 0.0000000 0.0134720 0.0110688 0.0148194 0.0194068 0.0151133 0.0136025 0.0133781 0.0172445 0.0178017 0.0161141 0.0103452 0.0120040 0.0184155 0.0151826 0.0151640 0.0151353 0.0175447 0.0088267 0.0081997 0.0136316 0.0120147 0.0186894 0.0118128 0.0141320 0.0178468 0.0073693 0.0195352 0.0178586 0.0178502 0.0102796 0.0170158 0.0133547 0.0178502 0.0113839 0.0118185 0.0125824 0.0133510 0.0125838 0.0125760 0.0121420 0.0165494 0.0117707 0.0186845 0.0141333 0.0110630 0.0098663 0.0176787 0.0145918 0.0136887 0.0102901 0.0102719 0.0126283 0.0110696 0.0117710 0.0133974 0.0161067 0.0136973 0.0095426 0.0121463 0.0169366 0.0156075 0.0169328 0.0129287 0.0126561 0.0166115 0.0152140 0.0136067 0.0112668 0.0142316 0.0131512 0.0160609 0.0112699 0.0129639 0.0126137 0.0135514 0.0141416 0.0128146 0.0156222 0.0141500 0.0152308 0.0158312 0.0156222 0.0152413 0.0134405 0.0127587 0.0129097 0.0147885 0.0112696 0.0127682 0.0119909 0.0127649 0.0171468 0.0095504 0.0127773 0.0135740 0.0121447 0.0147957 0.0135989 0.0139564 0.0135809 0.0121550 0.0172198 0.0135532 0.0135498 0.0135630 0.0135532 0.0128173 0.0127741 0.0140179 0.0128684 0.0171171 0.0143437 0.0160548 0.0120226 0.0131465 0.0166431 0.0131499 0.0131465 0.0131499 0.0131465 0.0131512 0.0131465 0.0123760 0.0139497 0.0128057 0.0147807 0.0144451 0.0127867 0.0139426 0.0147553 0.0127933 0.0131546 0.0141703 0.0152519 0.0147977 0.0136502 0.0131465 0.0131496 0.0144345 0.0139544 0.0128583 0.0112569 0.0155912 0.0131465 0.0112655 0.0123632 0.0123546 0.0122015 0.0112684 0.0128379 0.0147776 0.0144703 0.0120548 0.0105066 0.0135807 0.0131812 0.0123621 0.0136502 0.0132164 0.0131953 0.0112501 0.0123546 0.0126783 0.0134556 0.0126783 0.0142688 0.0134672 0.0134624 0.0127077 0.0126859 0.0126865 0.0134590 
