187
105692_6229_7786_MF777903_B_NA_NA 0.0000000 0.0490791 0.0438985 0.0459531 0.0297427 0.0504709 0.0475413 0.0540993 0.0636203 0.0273686 0.0537406 0.0479491 0.0526126 0.0401258 0.0382319 0.0236857 0.0513984 0.0489028 0.0464696 0.0024803 0.0608259 0.0561309 0.0453414 0.0597029 0.0479901 0.0395420 0.0512934 0.0470418 0.0506943 0.0531625 0.0541145 0.0477777 0.0376926 0.0403306 0.0522415 0.0572812 0.0445390 0.0551772 0.0386112 0.0509767 0.0549939 0.0604972 0.0568273 0.0342980 0.0501215 0.0504236 0.0358818 0.0444544 0.0508835 0.0431995 0.0554827 0.0441683 0.0538531 0.0516077 0.0387087 0.0344117 0.0471757 0.0421740 0.0279079 0.0516466 0.0528744 0.0416133 0.0429987 0.0383549 0.0316334 0.0518220 0.0583820 0.0421343 0.0490218 0.0417440 0.0481270 0.0370948 0.0437521 0.0464561 0.0403130 0.0398311 0.0465787 0.0498972 0.0392441 0.0390442 0.0487454 0.0520241 0.0443953 0.0439441 0.0481270 0.0422031 0.0417440 0.0482138 0.0487656 0.0531479 0.0507313 0.0534386 0.0462461 0.0506045 0.0513593 0.0512175 0.0488050 0.0548517 0.0512522 0.0524804 0.0506591 0.0553025 0.0554230 0.0523228 0.0552639 0.0535788 0.0521430 0.0519050 0.0568308 0.0546211 0.0538404 0.0512349 0.0489965 0.0498464 0.0596543 0.0563672 0.0540332 0.0546292 0.0572034 0.0527879 0.0531780 0.0563104 0.0498767 0.0551308 0.0556829 0.0546689 0.0531780 0.0559860 0.0562598 0.0531959 0.0635275 0.0593389 0.0645503 0.0635275 0.0646030 0.0666550 0.0646030 0.0646706 0.0585564 0.0646388 0.0646388 0.0635938 0.0635938 0.0591850 0.0646178 0.0646178 0.0646694 0.0636395 0.0593990 0.0635100 0.0592261 0.0640407 0.0584147 0.0606040 0.0607435 0.0605843 0.0605651 0.0615510 0.0620903 0.0640407 0.0617447 0.0605651 0.0621947 0.0616829 0.0616332 0.0606266 0.0606266 0.0620904 0.0616137 0.0632874 0.0606663 0.0662656 0.0627076 0.0616829 0.0618302 0.0616332 0.0665141 0.0665141 0.0656061 0.0656061 0.0674103 0.0677509 0.0653084 0.0652563 0.0647819 0.0669727 0.0648030 
105692_6229_7786_MF777902_B_NA_NA 0.0490791 0.0000000 0.0560270 0.0583275 0.0588537 0.0085392 0.0065222 0.0180304 0.0696435 0.0522167 0.0613008 0.0613036 0.0260637 0.0534292 0.0207337 0.0504754 0.0693776 0.0609603 0.0620683 0.0451975 0.0324495 0.0195463 0.0470124 0.0203468 0.0557141 0.0568834 0.0636037 0.0195125 0.0576518 0.0180472 0.0587165 0.0570526 0.0483125 0.0569360 0.0567059 0.0238799 0.0574242 0.0195664 0.0416443 0.0529509 0.0656483 0.0263406 0.0676933 0.0544345 0.0494615 0.0319506 0.0428493 0.0286515 0.0529917 0.0461366 0.0549271 0.0311925 0.0348119 0.0572325 0.0482045 0.0441339 0.0304899 0.0449156 0.0401090 0.0282374 0.0340449 0.0259253 0.0453466 0.0486166 0.0409961 0.0521370 0.0319722 0.0392133 0.0425276 0.0388018 0.0453387 0.0353028 0.0356206 0.0497494 0.0274976 0.0405095 0.0308642 0.0514481 0.0403740 0.0394488 0.0321921 0.0456574 0.0485121 0.0465454 0.0453387 0.0489719 0.0388018 0.0405179 0.0439432 0.0448548 0.0421718 0.0402331 0.0378930 0.0447929 0.0467434 0.0443513 0.0405308 0.0432206 0.0457871 0.0393207 0.0434618 0.0421695 0.0420848 0.0392127 0.0421403 0.0443328 0.0452886 0.0391321 0.0459445 0.0405497 0.0447445 0.0394887 0.0395598 0.0398204 0.0443746 0.0433697 0.0376620 0.0427754 0.0441987 0.0413970 0.0386190 0.0415144 0.0386198 0.0386438 0.0422530 0.0387047 0.0386190 0.0394698 0.0378462 0.0386315 0.0498709 0.0450438 0.0508280 0.0498709 0.0494322 0.0491654 0.0494322 0.0509274 0.0455485 0.0508968 0.0508968 0.0499222 0.0499222 0.0430870 0.0508803 0.0508803 0.0509266 0.0499573 0.0450894 0.0473392 0.0431166 0.0519337 0.0436253 0.0435270 0.0425737 0.0446156 0.0446012 0.0446012 0.0455695 0.0508613 0.0456578 0.0446012 0.0510007 0.0456298 0.0455868 0.0446465 0.0446465 0.0489873 0.0446465 0.0475512 0.0446744 0.0479635 0.0465908 0.0456298 0.0446465 0.0455868 0.0539754 0.0539754 0.0511145 0.0511145 0.0528734 0.0531196 0.0508919 0.0508449 0.0521120 0.0542039 0.0521293 
105692_6229_7786_MF777901_B_NA_NA 0.0438985 0.0560270 0.0000000 0.0344750 0.0262713 0.0574613 0.0543520 0.0635210 0.0427090 0.0315155 0.0377395 0.0360316 0.0619070 0.0112073 0.0458789 0.0320186 0.0466506 0.0418222 0.0461410 0.0403341 0.0593132 0.0656921 0.0425917 0.0608049 0.0406454 0.0436529 0.0360526 0.0566099 0.0382370 0.0604411 0.0354150 0.0422022 0.0316249 0.0349038 0.0371077 0.0615233 0.0468150 0.0625669 0.0281909 0.0377591 0.0360830 0.0648711 0.0377394 0.0443464 0.0369323 0.0521657 0.0380439 0.0495733 0.0474457 0.0389926 0.0331708 0.0532110 0.0615912 0.0452062 0.0420146 0.0365285 0.0544507 0.0376132 0.0404673 0.0552235 0.0547076 0.0438230 0.0392309 0.0381623 0.0355640 0.0311435 0.0612277 0.0361717 0.0428616 0.0430104 0.0419864 0.0364035 0.0431507 0.0461198 0.0471006 0.0412213 0.0499363 0.0497999 0.0422217 0.0423640 0.0523255 0.0458045 0.0476921 0.0384534 0.0419864 0.0466387 0.0430104 0.0476781 0.0396636 0.0424663 0.0397478 0.0458533 0.0383858 0.0426449 0.0469694 0.0413854 0.0444711 0.0458310 0.0422909 0.0449133 0.0436056 0.0480700 0.0477764 0.0447835 0.0480359 0.0424653 0.0361046 0.0427653 0.0517990 0.0476605 0.0468935 0.0439514 0.0448612 0.0438673 0.0532272 0.0488680 0.0461010 0.0453995 0.0482918 0.0430551 0.0462925 0.0493111 0.0438962 0.0490261 0.0458364 0.0477050 0.0462925 0.0498757 0.0501134 0.0490105 0.0611252 0.0547945 0.0621515 0.0611252 0.0622042 0.0613769 0.0622042 0.0622700 0.0540024 0.0622377 0.0622377 0.0611897 0.0611897 0.0546525 0.0622172 0.0622172 0.0601985 0.0612342 0.0548504 0.0569424 0.0546906 0.0616123 0.0513927 0.0535101 0.0536253 0.0534954 0.0534782 0.0544419 0.0555246 0.0614449 0.0546089 0.0534782 0.0595975 0.0545626 0.0545150 0.0535328 0.0535328 0.0574060 0.0544975 0.0561138 0.0535674 0.0590126 0.0555646 0.0545626 0.0546854 0.0545150 0.0612684 0.0612684 0.0603568 0.0603568 0.0621536 0.0624611 0.0600850 0.0600341 0.0615511 0.0637321 0.0615714 
105692_6229_7786_MF777900_B_NA_NA 0.0459531 0.0583275 0.0344750 0.0000000 0.0359224 0.0617743 0.0566341 0.0652564 0.0542873 0.0370169 0.0465228 0.0210893 0.0684817 0.0364969 0.0458046 0.0404290 0.0550152 0.0254807 0.0533129 0.0423594 0.0605603 0.0674272 0.0454307 0.0668593 0.0453066 0.0465462 0.0420231 0.0593976 0.0391268 0.0621798 0.0524565 0.0469910 0.0377677 0.0450273 0.0563523 0.0643154 0.0466322 0.0643028 0.0370936 0.0504187 0.0402170 0.0676845 0.0419224 0.0400263 0.0363466 0.0497363 0.0319749 0.0480380 0.0561917 0.0350234 0.0469436 0.0535444 0.0612535 0.0443723 0.0474337 0.0343495 0.0537295 0.0336260 0.0405289 0.0569523 0.0521868 0.0461115 0.0392750 0.0407338 0.0358271 0.0430545 0.0636088 0.0363975 0.0429928 0.0431397 0.0439005 0.0389294 0.0379701 0.0443137 0.0474937 0.0401082 0.0522217 0.0473139 0.0446678 0.0454149 0.0525169 0.0441070 0.0447778 0.0423900 0.0439005 0.0435997 0.0431397 0.0494068 0.0490588 0.0520316 0.0526589 0.0530599 0.0412311 0.0522257 0.0510285 0.0471832 0.0489993 0.0531747 0.0454162 0.0520905 0.0511682 0.0537802 0.0550668 0.0519320 0.0537419 0.0501506 0.0473392 0.0509204 0.0570338 0.0545539 0.0537687 0.0502459 0.0493007 0.0472623 0.0575385 0.0523404 0.0489811 0.0531093 0.0545425 0.0478475 0.0511096 0.0519838 0.0492407 0.0519375 0.0505914 0.0520275 0.0511096 0.0533426 0.0530432 0.0519211 0.0634556 0.0582053 0.0644851 0.0634556 0.0645382 0.0649044 0.0645382 0.0646061 0.0574184 0.0645741 0.0645741 0.0635223 0.0635223 0.0580539 0.0645529 0.0645529 0.0625278 0.0635682 0.0582645 0.0582961 0.0580944 0.0667059 0.0547714 0.0569192 0.0570456 0.0569021 0.0568840 0.0578567 0.0589517 0.0649368 0.0580352 0.0568840 0.0651122 0.0579826 0.0559729 0.0569418 0.0569418 0.0629674 0.0579156 0.0600270 0.0569788 0.0624906 0.0589931 0.0579826 0.0581160 0.0559729 0.0668362 0.0668362 0.0638635 0.0638635 0.0656682 0.0659983 0.0635739 0.0635221 0.0640951 0.0662908 0.0641161 
105692_6229_7786_MF777899_B_NA_NA 0.0297427 0.0588537 0.0262713 0.0359224 0.0000000 0.0577998 0.0551612 0.0643501 0.0465792 0.0287374 0.0442741 0.0324906 0.0664494 0.0277119 0.0447404 0.0240037 0.0388405 0.0397996 0.0345557 0.0281489 0.0622013 0.0665219 0.0402050 0.0616343 0.0435086 0.0442478 0.0337085 0.0584783 0.0406470 0.0612698 0.0473270 0.0415548 0.0294604 0.0226012 0.0491666 0.0640221 0.0492036 0.0633957 0.0301337 0.0454467 0.0320970 0.0674069 0.0336957 0.0416884 0.0425073 0.0512807 0.0344126 0.0490156 0.0521211 0.0365809 0.0450117 0.0526261 0.0630351 0.0438883 0.0464230 0.0330661 0.0558519 0.0396149 0.0366930 0.0566232 0.0537802 0.0451731 0.0389207 0.0384500 0.0320163 0.0402588 0.0620687 0.0373025 0.0439866 0.0441374 0.0431134 0.0381718 0.0405819 0.0440665 0.0484578 0.0404996 0.0513058 0.0455320 0.0451459 0.0412813 0.0537590 0.0450143 0.0455948 0.0427734 0.0431134 0.0445849 0.0441374 0.0509556 0.0445587 0.0492977 0.0464759 0.0491099 0.0432893 0.0494798 0.0502305 0.0463818 0.0495165 0.0509508 0.0436375 0.0481596 0.0468247 0.0513821 0.0510643 0.0480173 0.0513464 0.0456495 0.0426450 0.0494405 0.0568570 0.0525956 0.0518151 0.0487774 0.0497236 0.0505849 0.0566269 0.0538581 0.0509940 0.0521559 0.0551718 0.0478746 0.0511671 0.0542823 0.0487299 0.0540046 0.0526319 0.0526428 0.0511671 0.0548659 0.0551353 0.0539874 0.0625526 0.0588092 0.0635831 0.0625526 0.0636362 0.0655690 0.0636362 0.0637034 0.0580182 0.0636712 0.0636712 0.0626186 0.0626186 0.0586552 0.0636502 0.0636502 0.0616231 0.0626641 0.0588693 0.0604099 0.0586963 0.0629541 0.0553464 0.0575138 0.0576432 0.0574962 0.0574778 0.0584583 0.0595625 0.0629541 0.0586413 0.0574778 0.0610976 0.0585861 0.0585370 0.0575366 0.0575366 0.0609941 0.0585182 0.0606489 0.0575742 0.0631325 0.0596055 0.0585861 0.0587233 0.0585370 0.0633778 0.0633778 0.0624650 0.0624650 0.0642698 0.0645915 0.0621821 0.0621305 0.0615940 0.0637719 0.0616143 
105692_6229_7786_MF777898_B_NA_NA 0.0504709 0.0085392 0.0574613 0.0617743 0.0577998 0.0000000 0.0084334 0.0170629 0.0711468 0.0555667 0.0648990 0.0647878 0.0234395 0.0548424 0.0197457 0.0518707 0.0687175 0.0644963 0.0573414 0.0465793 0.0312768 0.0185512 0.0503453 0.0208765 0.0612067 0.0583274 0.0645860 0.0202783 0.0590942 0.0170784 0.0622043 0.0564761 0.0516469 0.0504281 0.0601728 0.0244032 0.0568516 0.0185702 0.0412083 0.0563419 0.0645116 0.0268551 0.0665380 0.0558567 0.0504125 0.0324528 0.0442584 0.0291668 0.0564492 0.0475329 0.0559548 0.0300442 0.0370097 0.0582154 0.0486625 0.0455364 0.0309905 0.0463217 0.0405956 0.0271461 0.0345421 0.0251307 0.0486537 0.0509984 0.0442336 0.0531023 0.0311569 0.0405867 0.0439181 0.0401792 0.0467355 0.0384491 0.0396329 0.0502052 0.0280114 0.0419050 0.0297281 0.0519008 0.0426975 0.0417332 0.0309931 0.0470585 0.0518459 0.0489316 0.0467355 0.0494326 0.0401792 0.0409954 0.0452532 0.0471968 0.0445050 0.0407171 0.0401674 0.0457169 0.0472062 0.0471586 0.0410092 0.0455597 0.0462523 0.0398081 0.0457807 0.0444986 0.0425632 0.0396989 0.0444686 0.0448003 0.0457537 0.0396198 0.0464130 0.0410304 0.0452136 0.0399760 0.0400423 0.0403028 0.0448466 0.0438427 0.0381502 0.0432509 0.0446681 0.0418743 0.0391044 0.0419920 0.0391055 0.0391298 0.0427273 0.0391912 0.0391044 0.0399522 0.0383361 0.0391173 0.0503268 0.0455089 0.0512813 0.0503268 0.0498878 0.0496257 0.0513284 0.0513810 0.0460155 0.0513504 0.0513504 0.0503783 0.0503783 0.0435575 0.0513338 0.0513338 0.0513801 0.0504136 0.0455549 0.0477979 0.0435873 0.0523846 0.0440959 0.0439964 0.0430459 0.0450835 0.0450691 0.0450691 0.0460346 0.0513141 0.0461240 0.0450691 0.0514542 0.0460952 0.0460521 0.0451146 0.0451146 0.0494456 0.0451146 0.0480117 0.0451427 0.0484244 0.0470535 0.0460952 0.0451146 0.0460521 0.0544208 0.0544208 0.0515686 0.0515686 0.0533213 0.0535692 0.0513447 0.0512976 0.0525709 0.0546575 0.0525882 
105692_6229_7786_MF777897_B_NA_NA 0.0475413 0.0065222 0.0543520 0.0566341 0.0551612 0.0084334 0.0000000 0.0178201 0.0655949 0.0506256 0.0574479 0.0595652 0.0242536 0.0498958 0.0205343 0.0489158 0.0653940 0.0591999 0.0583053 0.0437236 0.0321612 0.0193195 0.0454812 0.0186569 0.0520839 0.0551872 0.0597225 0.0195268 0.0539661 0.0163710 0.0550117 0.0533455 0.0467682 0.0533046 0.0550172 0.0220967 0.0557257 0.0178567 0.0402279 0.0513341 0.0638006 0.0245088 0.0658160 0.0527935 0.0460034 0.0299895 0.0395486 0.0267441 0.0493886 0.0427976 0.0521150 0.0275611 0.0310403 0.0534844 0.0438977 0.0426538 0.0268676 0.0415778 0.0360242 0.0247482 0.0320323 0.0243290 0.0419973 0.0442663 0.0377791 0.0485679 0.0303333 0.0378349 0.0410819 0.0374245 0.0438468 0.0339832 0.0386515 0.0488816 0.0255466 0.0390889 0.0288681 0.0486427 0.0380620 0.0386493 0.0300904 0.0441572 0.0469660 0.0437964 0.0438468 0.0464731 0.0374245 0.0401703 0.0425578 0.0444782 0.0418093 0.0398836 0.0375611 0.0448752 0.0463566 0.0444368 0.0401825 0.0428521 0.0454059 0.0389766 0.0430951 0.0418070 0.0417238 0.0388703 0.0417787 0.0439613 0.0449112 0.0387895 0.0455592 0.0402006 0.0443685 0.0391433 0.0392171 0.0394748 0.0439995 0.0430026 0.0373328 0.0424104 0.0438278 0.0410433 0.0382833 0.0411592 0.0382838 0.0383075 0.0418947 0.0383672 0.0382833 0.0391291 0.0375138 0.0382953 0.0494654 0.0446679 0.0504174 0.0494654 0.0490303 0.0487614 0.0504641 0.0505159 0.0451677 0.0504854 0.0504854 0.0495160 0.0495160 0.0427232 0.0504691 0.0504691 0.0505151 0.0495508 0.0447131 0.0469509 0.0427526 0.0515168 0.0432574 0.0431607 0.0422131 0.0442417 0.0442275 0.0442275 0.0451902 0.0504509 0.0452769 0.0442275 0.0505887 0.0452497 0.0452071 0.0442722 0.0442722 0.0485866 0.0442722 0.0471598 0.0442998 0.0475686 0.0462054 0.0452497 0.0442722 0.0452071 0.0535483 0.0535483 0.0507010 0.0507010 0.0524523 0.0526950 0.0504813 0.0504346 0.0516865 0.0537673 0.0517035 
105692_6229_7786_MF777896_B_NA_NA 0.0540993 0.0180304 0.0635210 0.0652564 0.0643501 0.0170629 0.0178201 0.0000000 0.0682324 0.0614437 0.0578433 0.0690034 0.0195722 0.0586647 0.0198363 0.0595642 0.0645155 0.0609433 0.0713829 0.0500592 0.0238264 0.0012690 0.0483563 0.0141911 0.0548999 0.0522187 0.0614877 0.0093249 0.0667736 0.0025523 0.0559704 0.0520318 0.0496989 0.0659246 0.0539987 0.0152046 0.0509008 0.0038547 0.0534837 0.0503459 0.0635031 0.0174714 0.0655213 0.0498898 0.0529004 0.0238958 0.0448953 0.0305895 0.0538068 0.0456364 0.0587019 0.0331007 0.0276983 0.0544579 0.0419596 0.0483519 0.0324037 0.0449918 0.0414788 0.0216179 0.0257913 0.0289917 0.0509568 0.0539879 0.0429302 0.0556523 0.0310876 0.0406415 0.0438046 0.0369846 0.0466108 0.0423502 0.0454796 0.0434046 0.0305029 0.0399750 0.0288534 0.0450122 0.0436769 0.0426918 0.0300743 0.0469325 0.0422220 0.0497514 0.0466108 0.0426294 0.0369846 0.0363853 0.0451340 0.0442714 0.0453116 0.0415983 0.0382484 0.0386977 0.0428219 0.0418505 0.0382240 0.0412048 0.0419000 0.0406863 0.0465810 0.0453048 0.0434529 0.0405738 0.0452735 0.0455988 0.0465543 0.0386170 0.0453445 0.0400207 0.0405091 0.0371806 0.0390430 0.0375207 0.0437950 0.0391870 0.0353529 0.0385228 0.0399218 0.0372208 0.0381153 0.0404424 0.0363556 0.0363055 0.0362946 0.0363606 0.0381153 0.0371900 0.0355202 0.0362941 0.0473333 0.0444618 0.0463864 0.0473333 0.0469126 0.0504424 0.0483152 0.0483643 0.0431114 0.0483345 0.0483345 0.0473814 0.0473814 0.0443523 0.0483190 0.0483190 0.0483636 0.0474144 0.0445064 0.0467301 0.0443826 0.0512650 0.0430589 0.0429634 0.0420215 0.0440371 0.0440230 0.0440230 0.0449798 0.0502063 0.0450654 0.0440230 0.0503427 0.0450387 0.0449964 0.0440673 0.0440673 0.0483536 0.0440673 0.0469366 0.0440946 0.0473421 0.0459885 0.0450387 0.0440673 0.0449964 0.0513477 0.0513477 0.0485412 0.0485412 0.0502716 0.0504988 0.0502365 0.0482890 0.0494753 0.0515201 0.0494915 
105692_6229_7786_MF777895_B_NA_NA 0.0636203 0.0696435 0.0427090 0.0542873 0.0465792 0.0711468 0.0655949 0.0682324 0.0000000 0.0540938 0.0346174 0.0501506 0.0660878 0.0419697 0.0667034 0.0539946 0.0344291 0.0480696 0.0503705 0.0594980 0.0615542 0.0704451 0.0435350 0.0678889 0.0465353 0.0547354 0.0335698 0.0622130 0.0439753 0.0650978 0.0481403 0.0413454 0.0355516 0.0413663 0.0533682 0.0620873 0.0493032 0.0672600 0.0341229 0.0530745 0.0335335 0.0654104 0.0351622 0.0532158 0.0458314 0.0526437 0.0456264 0.0559568 0.0555393 0.0478961 0.0480791 0.0618281 0.0626555 0.0493231 0.0519474 0.0475516 0.0631615 0.0497445 0.0482594 0.0568742 0.0551823 0.0538809 0.0488674 0.0424678 0.0443814 0.0479248 0.0685591 0.0454364 0.0504704 0.0461213 0.0495636 0.0517377 0.0520013 0.0488848 0.0526813 0.0490079 0.0566552 0.0506495 0.0537814 0.0540131 0.0594076 0.0517072 0.0504809 0.0483498 0.0495636 0.0515404 0.0461213 0.0547690 0.0512629 0.0522874 0.0546425 0.0460559 0.0504407 0.0510591 0.0522770 0.0474996 0.0546496 0.0524463 0.0451020 0.0451173 0.0530542 0.0558216 0.0479763 0.0449877 0.0557818 0.0510189 0.0477619 0.0516526 0.0567400 0.0475899 0.0504742 0.0476557 0.0503920 0.0513463 0.0529053 0.0526022 0.0465986 0.0505693 0.0514285 0.0448292 0.0493846 0.0504666 0.0475251 0.0495161 0.0495012 0.0476342 0.0493846 0.0484835 0.0506016 0.0495004 0.0586880 0.0551500 0.0596936 0.0586880 0.0597450 0.0632598 0.0597450 0.0598075 0.0557351 0.0597755 0.0597755 0.0587492 0.0587492 0.0530861 0.0597560 0.0597560 0.0577781 0.0587914 0.0552058 0.0586762 0.0531228 0.0587178 0.0517679 0.0538743 0.0539898 0.0533991 0.0533820 0.0543392 0.0554145 0.0587178 0.0545048 0.0533820 0.0568997 0.0544590 0.0544118 0.0534362 0.0534362 0.0568036 0.0543944 0.0559993 0.0534705 0.0588776 0.0554541 0.0544590 0.0540059 0.0544118 0.0591133 0.0591133 0.0582106 0.0582106 0.0599847 0.0602753 0.0579522 0.0579024 0.0583441 0.0604769 0.0583632 
105692_6229_7786_MF777894_B_NA_NA 0.0273686 0.0522167 0.0315155 0.0370169 0.0287374 0.0555667 0.0506256 0.0614437 0.0540938 0.0000000 0.0454396 0.0328065 0.0619178 0.0303722 0.0383547 0.0102899 0.0520598 0.0384563 0.0487174 0.0242366 0.0587781 0.0635625 0.0405083 0.0587889 0.0463777 0.0414806 0.0411186 0.0521543 0.0442327 0.0584376 0.0486814 0.0478887 0.0297672 0.0423687 0.0524876 0.0584892 0.0468803 0.0605126 0.0358610 0.0472258 0.0464662 0.0617343 0.0482130 0.0390931 0.0421527 0.0496521 0.0358444 0.0436847 0.0476224 0.0378983 0.0497078 0.0452536 0.0530513 0.0471535 0.0362446 0.0377123 0.0463950 0.0369884 0.0296207 0.0508615 0.0520938 0.0408515 0.0402395 0.0304424 0.0333261 0.0455249 0.0575633 0.0384849 0.0420840 0.0400162 0.0412345 0.0394942 0.0409435 0.0453967 0.0395539 0.0390778 0.0458091 0.0459367 0.0394054 0.0382651 0.0469283 0.0458132 0.0414222 0.0411022 0.0412345 0.0441318 0.0400162 0.0460593 0.0477946 0.0468823 0.0460940 0.0495092 0.0413942 0.0458082 0.0520358 0.0481919 0.0476449 0.0503317 0.0438903 0.0485642 0.0451885 0.0496355 0.0514540 0.0484216 0.0496003 0.0461458 0.0459207 0.0475315 0.0538152 0.0485605 0.0477979 0.0468800 0.0445076 0.0471725 0.0553397 0.0516759 0.0494240 0.0502139 0.0510655 0.0482051 0.0471936 0.0502032 0.0453704 0.0504842 0.0510314 0.0486052 0.0471936 0.0513279 0.0515720 0.0485967 0.0591225 0.0555721 0.0601226 0.0591225 0.0601738 0.0627018 0.0601738 0.0602362 0.0547896 0.0602045 0.0602045 0.0591838 0.0591838 0.0554295 0.0601850 0.0601850 0.0602352 0.0592261 0.0556281 0.0602397 0.0554677 0.0586762 0.0546639 0.0568013 0.0569268 0.0567844 0.0567664 0.0577344 0.0588241 0.0607550 0.0579126 0.0567664 0.0589330 0.0578596 0.0578113 0.0568238 0.0568238 0.0567750 0.0577929 0.0598946 0.0568605 0.0623445 0.0588661 0.0578596 0.0579928 0.0578113 0.0625862 0.0625862 0.0616827 0.0616827 0.0634671 0.0637805 0.0614065 0.0613556 0.0608104 0.0629599 0.0608302 
105692_6229_7786_MF777893_B_NA_NA 0.0537406 0.0613008 0.0377395 0.0465228 0.0442741 0.0648990 0.0574479 0.0578433 0.0346174 0.0454396 0.0000000 0.0486787 0.0548530 0.0392892 0.0606832 0.0462766 0.0446001 0.0480156 0.0443502 0.0498530 0.0632541 0.0599541 0.0271459 0.0551864 0.0372711 0.0376958 0.0407843 0.0520058 0.0417949 0.0568726 0.0352685 0.0329575 0.0328100 0.0380168 0.0388080 0.0558982 0.0463979 0.0589641 0.0322494 0.0383138 0.0426161 0.0591461 0.0443756 0.0418834 0.0406289 0.0477583 0.0445580 0.0561205 0.0390327 0.0424493 0.0406787 0.0620449 0.0548618 0.0401212 0.0433209 0.0483833 0.0612819 0.0371087 0.0424766 0.0513034 0.0502320 0.0500507 0.0346288 0.0411101 0.0389220 0.0407911 0.0585751 0.0427172 0.0477639 0.0444173 0.0468533 0.0417807 0.0499038 0.0397369 0.0492251 0.0391119 0.0480199 0.0398586 0.0434227 0.0436512 0.0492703 0.0477009 0.0375424 0.0367674 0.0468533 0.0404944 0.0444173 0.0471259 0.0432253 0.0424858 0.0452375 0.0451996 0.0390644 0.0477273 0.0488380 0.0426746 0.0445183 0.0458129 0.0446279 0.0442586 0.0461272 0.0486586 0.0471227 0.0441309 0.0486241 0.0489347 0.0470039 0.0460961 0.0517568 0.0479866 0.0485340 0.0454417 0.0483471 0.0453586 0.0504804 0.0469395 0.0439224 0.0482500 0.0512244 0.0459421 0.0478218 0.0487005 0.0454746 0.0468316 0.0487078 0.0455205 0.0478218 0.0463497 0.0479080 0.0468165 0.0603268 0.0552114 0.0592893 0.0603268 0.0614023 0.0621574 0.0614023 0.0614672 0.0538450 0.0614349 0.0614349 0.0603905 0.0603905 0.0531370 0.0614146 0.0614146 0.0594026 0.0604344 0.0552676 0.0577389 0.0531738 0.0629808 0.0534894 0.0556477 0.0557712 0.0551636 0.0551458 0.0561236 0.0572232 0.0618254 0.0562984 0.0551458 0.0599568 0.0562481 0.0561996 0.0552026 0.0552026 0.0598540 0.0561814 0.0578265 0.0552387 0.0607697 0.0572647 0.0562481 0.0563778 0.0561996 0.0610121 0.0610121 0.0600956 0.0600956 0.0619015 0.0622089 0.0598237 0.0597726 0.0612911 0.0634819 0.0613114 
105692_6229_7786_MF777892_B_NA_NA 0.0479491 0.0613036 0.0360316 0.0210893 0.0324906 0.0647878 0.0595652 0.0690034 0.0501506 0.0328065 0.0486787 0.0000000 0.0716420 0.0346586 0.0446529 0.0360275 0.0420398 0.0131222 0.0492803 0.0442991 0.0599769 0.0712137 0.0467072 0.0706429 0.0492992 0.0454883 0.0354015 0.0619728 0.0460003 0.0658723 0.0533464 0.0526428 0.0354887 0.0430691 0.0572663 0.0680460 0.0415758 0.0680318 0.0360826 0.0494398 0.0352943 0.0714816 0.0369381 0.0394423 0.0416894 0.0530964 0.0347639 0.0508468 0.0557414 0.0366737 0.0484461 0.0564588 0.0649403 0.0481761 0.0511086 0.0389468 0.0577188 0.0369363 0.0436155 0.0605123 0.0556140 0.0478898 0.0393043 0.0353498 0.0392280 0.0481913 0.0656361 0.0388550 0.0437261 0.0457567 0.0446406 0.0406855 0.0405461 0.0462162 0.0502756 0.0441008 0.0550924 0.0479048 0.0473126 0.0462500 0.0567103 0.0448677 0.0472221 0.0424474 0.0446406 0.0485397 0.0457567 0.0527816 0.0485491 0.0509511 0.0521268 0.0525107 0.0449111 0.0536603 0.0543584 0.0485775 0.0517271 0.0526299 0.0448691 0.0515451 0.0500595 0.0526494 0.0545073 0.0513893 0.0526124 0.0474429 0.0447701 0.0503883 0.0573986 0.0534419 0.0526595 0.0497175 0.0511227 0.0500018 0.0584943 0.0532485 0.0504078 0.0531249 0.0539899 0.0492647 0.0500206 0.0531080 0.0501227 0.0533960 0.0520342 0.0514794 0.0500206 0.0542521 0.0545164 0.0533790 0.0644374 0.0591409 0.0654705 0.0644374 0.0655238 0.0658793 0.0655238 0.0655927 0.0583539 0.0655608 0.0655608 0.0645051 0.0645051 0.0589863 0.0655394 0.0655394 0.0635069 0.0645518 0.0592011 0.0613191 0.0590276 0.0676818 0.0556894 0.0578515 0.0579815 0.0578337 0.0578153 0.0587927 0.0598932 0.0659015 0.0589760 0.0578153 0.0660801 0.0589204 0.0569004 0.0578742 0.0578742 0.0639270 0.0588526 0.0609765 0.0579119 0.0634511 0.0599363 0.0589204 0.0590581 0.0569004 0.0678112 0.0678112 0.0648324 0.0648324 0.0666396 0.0669758 0.0645380 0.0644860 0.0639952 0.0661863 0.0640161 
105692_6229_7786_MF777891_B_NA_NA 0.0526126 0.0260637 0.0619070 0.0684817 0.0664494 0.0234395 0.0242536 0.0195722 0.0660878 0.0619178 0.0548530 0.0716420 0.0000000 0.0571177 0.0242983 0.0600363 0.0667150 0.0688149 0.0696992 0.0486200 0.0296084 0.0211088 0.0528890 0.0234674 0.0554691 0.0508432 0.0667962 0.0190263 0.0687935 0.0180895 0.0464904 0.0570964 0.0590514 0.0642953 0.0444406 0.0215129 0.0529467 0.0196120 0.0539570 0.0410931 0.0710333 0.0239266 0.0731214 0.0485522 0.0557943 0.0297051 0.0481086 0.0308682 0.0536976 0.0527663 0.0618542 0.0333899 0.0336441 0.0524618 0.0452736 0.0536018 0.0326897 0.0502019 0.0456412 0.0271767 0.0317319 0.0284277 0.0489192 0.0563750 0.0480465 0.0586217 0.0278084 0.0455640 0.0469531 0.0405302 0.0479174 0.0454884 0.0487087 0.0486402 0.0313339 0.0380973 0.0280539 0.0484034 0.0478129 0.0467481 0.0283780 0.0482445 0.0483583 0.0487000 0.0479174 0.0478708 0.0405302 0.0408876 0.0489720 0.0420113 0.0438134 0.0462203 0.0387720 0.0455912 0.0456665 0.0489141 0.0373435 0.0440356 0.0465801 0.0452879 0.0469500 0.0456706 0.0481287 0.0451579 0.0456392 0.0465277 0.0474890 0.0413245 0.0462833 0.0445682 0.0450891 0.0416859 0.0399377 0.0371355 0.0465902 0.0437237 0.0416206 0.0431337 0.0445463 0.0417631 0.0390035 0.0418802 0.0372353 0.0426259 0.0426131 0.0426948 0.0390035 0.0416427 0.0418286 0.0426124 0.0521053 0.0472423 0.0511332 0.0521053 0.0516578 0.0514094 0.0531135 0.0531679 0.0458880 0.0531371 0.0531371 0.0521585 0.0521585 0.0471241 0.0531200 0.0531200 0.0531670 0.0521951 0.0472899 0.0476644 0.0471565 0.0541779 0.0458213 0.0457160 0.0447588 0.0468167 0.0468018 0.0468018 0.0477741 0.0530971 0.0478689 0.0468018 0.0532419 0.0478369 0.0477929 0.0468490 0.0468490 0.0512182 0.0468490 0.0493094 0.0468784 0.0501893 0.0488014 0.0478369 0.0468490 0.0477929 0.0562259 0.0562259 0.0533609 0.0533609 0.0551180 0.0553772 0.0531279 0.0530801 0.0543990 0.0564997 0.0544169 
105692_6229_7786_MF777890_B_NA_NA 0.0401258 0.0534292 0.0112073 0.0364969 0.0277119 0.0548424 0.0498958 0.0586647 0.0419697 0.0303722 0.0392892 0.0346586 0.0571177 0.0000000 0.0419320 0.0313342 0.0448379 0.0404193 0.0410772 0.0366678 0.0631315 0.0607606 0.0394287 0.0580515 0.0405433 0.0447897 0.0328990 0.0519603 0.0368730 0.0556871 0.0310746 0.0455827 0.0319298 0.0350799 0.0326869 0.0567343 0.0485255 0.0577428 0.0309846 0.0340942 0.0379350 0.0599597 0.0395892 0.0424612 0.0345587 0.0496751 0.0335450 0.0433916 0.0424745 0.0352882 0.0317064 0.0478040 0.0567827 0.0430178 0.0381954 0.0337349 0.0499315 0.0362546 0.0394893 0.0526355 0.0521436 0.0415222 0.0354908 0.0349324 0.0336152 0.0281205 0.0584295 0.0367491 0.0416351 0.0391324 0.0416489 0.0336082 0.0372819 0.0457405 0.0419741 0.0371993 0.0465595 0.0464075 0.0375094 0.0402588 0.0487434 0.0425535 0.0445700 0.0360000 0.0416489 0.0501988 0.0391324 0.0443749 0.0402261 0.0412519 0.0385745 0.0425958 0.0372253 0.0414278 0.0475022 0.0419458 0.0432257 0.0445557 0.0373331 0.0416799 0.0431430 0.0456555 0.0444605 0.0415636 0.0456236 0.0393288 0.0366800 0.0416076 0.0505200 0.0464381 0.0456793 0.0427793 0.0436747 0.0426945 0.0497185 0.0476243 0.0448982 0.0442106 0.0470633 0.0437012 0.0450939 0.0480695 0.0427227 0.0477838 0.0446373 0.0464816 0.0450939 0.0486252 0.0488535 0.0477687 0.0573906 0.0533644 0.0583877 0.0573906 0.0584385 0.0598269 0.0584385 0.0584994 0.0525793 0.0584676 0.0584676 0.0574503 0.0574503 0.0532289 0.0584485 0.0584485 0.0584984 0.0574914 0.0534184 0.0574289 0.0532656 0.0621788 0.0519104 0.0540178 0.0541338 0.0540029 0.0539857 0.0549440 0.0554530 0.0599103 0.0551117 0.0539857 0.0580884 0.0550647 0.0550173 0.0540404 0.0540404 0.0579906 0.0549998 0.0566086 0.0540751 0.0594920 0.0560611 0.0550647 0.0551883 0.0550173 0.0617358 0.0617358 0.0608307 0.0608307 0.0626159 0.0629242 0.0605584 0.0605077 0.0599453 0.0620921 0.0599648 
105692_6229_7786_MF777889_B_NA_NA 0.0382319 0.0207337 0.0458789 0.0458046 0.0447404 0.0197457 0.0205343 0.0198363 0.0667034 0.0383547 0.0606832 0.0446529 0.0242983 0.0419320 0.0000000 0.0368096 0.0646107 0.0474458 0.0627141 0.0346444 0.0161305 0.0213927 0.0467552 0.0286680 0.0559865 0.0501710 0.0559699 0.0256423 0.0536969 0.0183351 0.0594657 0.0560021 0.0373605 0.0555703 0.0594785 0.0300783 0.0487581 0.0198777 0.0414229 0.0556432 0.0599536 0.0326976 0.0619254 0.0441192 0.0516277 0.0351548 0.0382002 0.0267163 0.0557373 0.0447627 0.0584414 0.0292449 0.0376859 0.0559311 0.0473773 0.0412708 0.0301841 0.0414586 0.0391426 0.0336679 0.0373077 0.0259543 0.0479349 0.0480709 0.0415011 0.0543687 0.0333055 0.0415179 0.0448784 0.0426111 0.0477142 0.0390200 0.0418299 0.0514260 0.0300797 0.0430254 0.0334799 0.0511901 0.0433340 0.0423476 0.0349393 0.0480413 0.0492060 0.0462886 0.0477142 0.0484219 0.0426111 0.0434335 0.0464976 0.0463918 0.0456562 0.0449615 0.0412522 0.0482795 0.0498154 0.0478532 0.0434524 0.0461458 0.0430972 0.0440258 0.0463643 0.0450718 0.0468730 0.0438995 0.0450404 0.0453716 0.0463373 0.0407073 0.0484636 0.0446888 0.0457934 0.0410697 0.0424658 0.0413936 0.0506859 0.0463707 0.0436192 0.0443828 0.0452383 0.0443436 0.0396036 0.0425292 0.0415031 0.0446575 0.0452146 0.0427859 0.0396036 0.0455064 0.0438442 0.0446431 0.0544115 0.0494016 0.0553968 0.0544115 0.0539456 0.0537101 0.0554464 0.0555041 0.0486012 0.0554725 0.0554725 0.0544681 0.0544681 0.0492748 0.0554544 0.0554544 0.0555032 0.0545070 0.0494522 0.0517628 0.0493093 0.0565404 0.0479445 0.0478300 0.0468464 0.0489683 0.0489525 0.0489525 0.0499513 0.0554268 0.0500550 0.0489525 0.0555802 0.0500180 0.0499722 0.0490027 0.0490027 0.0535006 0.0490027 0.0520049 0.0490342 0.0524431 0.0510082 0.0500180 0.0490027 0.0499722 0.0586394 0.0586394 0.0557075 0.0557075 0.0575014 0.0577803 0.0554583 0.0554087 0.0547431 0.0568757 0.0547613 
105692_6229_7786_MF777888_B_NA_NA 0.0236857 0.0504754 0.0320186 0.0404290 0.0240037 0.0518707 0.0489158 0.0595642 0.0539946 0.0102899 0.0462766 0.0360275 0.0600363 0.0313342 0.0368096 0.0000000 0.0481927 0.0401065 0.0485490 0.0206273 0.0569370 0.0616549 0.0404453 0.0549437 0.0462167 0.0395960 0.0410542 0.0503817 0.0419788 0.0565956 0.0518374 0.0441220 0.0296693 0.0387924 0.0537225 0.0572273 0.0468015 0.0586449 0.0324892 0.0470611 0.0446031 0.0604401 0.0463295 0.0389616 0.0456558 0.0485030 0.0324440 0.0425784 0.0474534 0.0377714 0.0505626 0.0422873 0.0518347 0.0452522 0.0336341 0.0359163 0.0452537 0.0368642 0.0279280 0.0477888 0.0509156 0.0380004 0.0383993 0.0319625 0.0315941 0.0453645 0.0537029 0.0366706 0.0402125 0.0381619 0.0393749 0.0376586 0.0398759 0.0434670 0.0384910 0.0380272 0.0428571 0.0429017 0.0392702 0.0347566 0.0438384 0.0447039 0.0395506 0.0409589 0.0393749 0.0422293 0.0381619 0.0449410 0.0458229 0.0467186 0.0459327 0.0483479 0.0395211 0.0456504 0.0481636 0.0462085 0.0439054 0.0464863 0.0427856 0.0474109 0.0440755 0.0484693 0.0502726 0.0472733 0.0484357 0.0450232 0.0422179 0.0470055 0.0532373 0.0480273 0.0472700 0.0463596 0.0440099 0.0466524 0.0541178 0.0511174 0.0488857 0.0496674 0.0505134 0.0476760 0.0466737 0.0496579 0.0448648 0.0499365 0.0504806 0.0480714 0.0466737 0.0507748 0.0510143 0.0480638 0.0578650 0.0540224 0.0588559 0.0578650 0.0589064 0.0610437 0.0589064 0.0589673 0.0532438 0.0589358 0.0589358 0.0579247 0.0579247 0.0538852 0.0589167 0.0589167 0.0589663 0.0579658 0.0540765 0.0580606 0.0539221 0.0585630 0.0531251 0.0552311 0.0553505 0.0552154 0.0551980 0.0561544 0.0551980 0.0585630 0.0563254 0.0551980 0.0567622 0.0562762 0.0562287 0.0552536 0.0552536 0.0566672 0.0562109 0.0582837 0.0552889 0.0607022 0.0572707 0.0562762 0.0564031 0.0562287 0.0609397 0.0609397 0.0600409 0.0600409 0.0618111 0.0621111 0.0597757 0.0597256 0.0591527 0.0612763 0.0591719 
105692_6229_7786_MF777887_B_NA_NA 0.0513984 0.0693776 0.0466506 0.0550152 0.0388405 0.0687175 0.0653940 0.0645155 0.0344291 0.0520598 0.0446001 0.0420398 0.0667150 0.0448379 0.0646107 0.0481927 0.0000000 0.0479773 0.0311303 0.0475916 0.0497004 0.0666727 0.0424599 0.0615209 0.0470759 0.0477734 0.0304188 0.0576752 0.0488378 0.0635287 0.0501432 0.0323349 0.0346156 0.0240420 0.0525580 0.0611097 0.0276769 0.0656608 0.0273773 0.0522638 0.0254987 0.0643905 0.0254669 0.0445532 0.0496810 0.0498437 0.0441945 0.0546258 0.0561678 0.0487351 0.0506584 0.0583690 0.0595560 0.0520361 0.0474380 0.0451258 0.0617172 0.0461780 0.0451816 0.0520114 0.0523073 0.0496690 0.0479579 0.0414306 0.0396640 0.0493010 0.0623265 0.0481781 0.0513211 0.0430342 0.0504118 0.0489309 0.0513212 0.0458130 0.0534471 0.0496886 0.0519880 0.0497858 0.0502120 0.0504402 0.0544681 0.0526011 0.0473553 0.0449003 0.0504118 0.0470276 0.0430342 0.0529033 0.0495970 0.0533712 0.0529154 0.0517125 0.0482734 0.0502027 0.0475287 0.0471313 0.0539258 0.0476718 0.0418532 0.0507536 0.0513234 0.0560132 0.0536920 0.0506015 0.0559734 0.0512322 0.0479679 0.0542198 0.0577387 0.0520072 0.0531221 0.0521755 0.0496196 0.0538960 0.0575355 0.0551732 0.0490262 0.0511308 0.0519847 0.0454173 0.0523712 0.0549254 0.0500503 0.0519643 0.0500661 0.0500760 0.0523712 0.0533561 0.0530627 0.0519479 0.0618428 0.0581795 0.0628556 0.0618428 0.0629077 0.0663875 0.0629077 0.0629732 0.0587846 0.0629414 0.0629414 0.0619071 0.0619071 0.0580294 0.0629210 0.0629210 0.0609287 0.0619514 0.0582382 0.0617328 0.0580695 0.0617839 0.0547738 0.0569041 0.0570285 0.0564270 0.0564092 0.0554331 0.0584560 0.0617839 0.0575485 0.0564092 0.0599598 0.0574964 0.0574484 0.0564661 0.0564661 0.0598595 0.0554890 0.0590544 0.0565024 0.0619550 0.0584976 0.0574964 0.0570536 0.0574484 0.0621949 0.0621949 0.0592021 0.0592021 0.0630705 0.0633796 0.0610228 0.0609724 0.0604223 0.0625584 0.0604419 
105692_6229_7786_MF777886_B_NA_NA 0.0489028 0.0609603 0.0418222 0.0254807 0.0397996 0.0644963 0.0591999 0.0609433 0.0480696 0.0384563 0.0480156 0.0131222 0.0688149 0.0404193 0.0474458 0.0401065 0.0479773 0.0000000 0.0540172 0.0451691 0.0583152 0.0630606 0.0440071 0.0598338 0.0450424 0.0436469 0.0263602 0.0541592 0.0447574 0.0579387 0.0490115 0.0498460 0.0318446 0.0492834 0.0509588 0.0594273 0.0384802 0.0600127 0.0418939 0.0452001 0.0311722 0.0626995 0.0327754 0.0394089 0.0356083 0.0466240 0.0290700 0.0423584 0.0472364 0.0293228 0.0417772 0.0457747 0.0558425 0.0438831 0.0431718 0.0332723 0.0488225 0.0263793 0.0357095 0.0497879 0.0490220 0.0377895 0.0404625 0.0297227 0.0283831 0.0418086 0.0585629 0.0329528 0.0411435 0.0357255 0.0420417 0.0349171 0.0345601 0.0419760 0.0425551 0.0361095 0.0485844 0.0416705 0.0375637 0.0382952 0.0488577 0.0421972 0.0393411 0.0381086 0.0420417 0.0442701 0.0357255 0.0431424 0.0437179 0.0479403 0.0456019 0.0441726 0.0410438 0.0454923 0.0455576 0.0423577 0.0473442 0.0438682 0.0362182 0.0432410 0.0453076 0.0458915 0.0460732 0.0431179 0.0458599 0.0424920 0.0417833 0.0459380 0.0521881 0.0452022 0.0454593 0.0426454 0.0461149 0.0469637 0.0498620 0.0468615 0.0404448 0.0442523 0.0450951 0.0423893 0.0450513 0.0475045 0.0451426 0.0432540 0.0432410 0.0414263 0.0450513 0.0460070 0.0442855 0.0432403 0.0549618 0.0501216 0.0559497 0.0549618 0.0559996 0.0584403 0.0559996 0.0560579 0.0512359 0.0560262 0.0560262 0.0550190 0.0550190 0.0518907 0.0560080 0.0560080 0.0560570 0.0550583 0.0501722 0.0580316 0.0519266 0.0602148 0.0505736 0.0526693 0.0527809 0.0526553 0.0526385 0.0535935 0.0546656 0.0585384 0.0537561 0.0526385 0.0586972 0.0537119 0.0517402 0.0526919 0.0526919 0.0566261 0.0536479 0.0557103 0.0527257 0.0581158 0.0547046 0.0537119 0.0538310 0.0517402 0.0623651 0.0623651 0.0594429 0.0594429 0.0612246 0.0615238 0.0591776 0.0591274 0.0595976 0.0617451 0.0596171 
105692_6229_7786_MF777885_B_NA_NA 0.0464696 0.0620683 0.0461410 0.0533129 0.0345557 0.0573414 0.0583053 0.0713829 0.0503705 0.0487174 0.0443502 0.0492803 0.0696992 0.0410772 0.0627141 0.0485490 0.0311303 0.0540172 0.0000000 0.0428491 0.0766166 0.0736293 0.0439854 0.0708647 0.0460961 0.0483431 0.0368409 0.0653584 0.0431608 0.0703601 0.0532462 0.0406731 0.0402220 0.0109690 0.0551431 0.0704105 0.0513840 0.0725743 0.0264313 0.0529560 0.0368005 0.0739051 0.0384616 0.0451308 0.0456021 0.0609405 0.0441149 0.0586740 0.0539279 0.0451096 0.0452942 0.0646117 0.0694165 0.0508405 0.0521532 0.0482070 0.0659697 0.0499277 0.0470803 0.0612755 0.0636351 0.0545706 0.0437446 0.0416183 0.0432622 0.0452145 0.0691311 0.0518861 0.0572674 0.0510471 0.0563208 0.0483830 0.0507536 0.0542485 0.0542683 0.0459497 0.0572140 0.0567504 0.0520840 0.0523138 0.0599849 0.0587585 0.0540093 0.0486643 0.0563208 0.0555280 0.0510471 0.0603798 0.0552354 0.0568734 0.0553918 0.0540865 0.0506475 0.0589968 0.0618254 0.0577399 0.0570995 0.0606223 0.0546936 0.0531168 0.0580393 0.0609172 0.0560974 0.0529548 0.0608734 0.0567178 0.0550494 0.0576664 0.0637807 0.0556238 0.0581802 0.0569565 0.0555029 0.0568919 0.0608051 0.0603157 0.0539955 0.0604908 0.0636657 0.0580044 0.0599108 0.0632066 0.0549723 0.0570566 0.0610092 0.0556724 0.0599108 0.0583898 0.0582128 0.0570384 0.0716306 0.0674982 0.0705381 0.0716306 0.0727607 0.0741438 0.0727607 0.0728383 0.0681843 0.0728070 0.0728070 0.0717069 0.0717069 0.0652635 0.0727830 0.0727830 0.0728369 0.0717597 0.0675680 0.0691661 0.0653098 0.0713395 0.0659232 0.0682393 0.0684096 0.0677253 0.0677035 0.0666577 0.0698958 0.0713395 0.0689584 0.0677035 0.0689319 0.0688784 0.0688265 0.0677736 0.0677736 0.0693080 0.0667266 0.0710661 0.0678194 0.0736894 0.0699472 0.0688784 0.0684486 0.0688265 0.0739502 0.0739502 0.0707844 0.0707844 0.0748852 0.0752811 0.0726851 0.0726310 0.0734242 0.0757249 0.0734484 
105692_6229_7786_MF777884_B_NA_NA 0.0024803 0.0451975 0.0403341 0.0423594 0.0281489 0.0465793 0.0437236 0.0500592 0.0594980 0.0242366 0.0498530 0.0442991 0.0486200 0.0366678 0.0346444 0.0206273 0.0475916 0.0451691 0.0428491 0.0000000 0.0566125 0.0520438 0.0416862 0.0555223 0.0442856 0.0360049 0.0474767 0.0431360 0.0469227 0.0491410 0.0502518 0.0440528 0.0342297 0.0368473 0.0484157 0.0531655 0.0408873 0.0511112 0.0351925 0.0471738 0.0511010 0.0563020 0.0528989 0.0309540 0.0463158 0.0465614 0.0324856 0.0406814 0.0470100 0.0396131 0.0513027 0.0403843 0.0497949 0.0477470 0.0352342 0.0310453 0.0433095 0.0386256 0.0246943 0.0476992 0.0489361 0.0379224 0.0394281 0.0348710 0.0283528 0.0479507 0.0541852 0.0385609 0.0452618 0.0381663 0.0443876 0.0336485 0.0400152 0.0427767 0.0366477 0.0362026 0.0427740 0.0460118 0.0357251 0.0355410 0.0447399 0.0480998 0.0407485 0.0402647 0.0443876 0.0386477 0.0381663 0.0443760 0.0450321 0.0492958 0.0469380 0.0494690 0.0425484 0.0468262 0.0475399 0.0473991 0.0450653 0.0509353 0.0473153 0.0485286 0.0467499 0.0512566 0.0514038 0.0483868 0.0512216 0.0496040 0.0483172 0.0480299 0.0528282 0.0506729 0.0499049 0.0473804 0.0451913 0.0460245 0.0555106 0.0523734 0.0501138 0.0506991 0.0532016 0.0488934 0.0492808 0.0523299 0.0460537 0.0511775 0.0517242 0.0507187 0.0492808 0.0520212 0.0522692 0.0492868 0.0592967 0.0552993 0.0602976 0.0592967 0.0603488 0.0624022 0.0603488 0.0604115 0.0545185 0.0603797 0.0603797 0.0593582 0.0593582 0.0551578 0.0603602 0.0603602 0.0604104 0.0594006 0.0553549 0.0593754 0.0551958 0.0598858 0.0543943 0.0565234 0.0566477 0.0565068 0.0564889 0.0574537 0.0579729 0.0598858 0.0576305 0.0564889 0.0580707 0.0575782 0.0575301 0.0565460 0.0565460 0.0579742 0.0575119 0.0591388 0.0565823 0.0620477 0.0585815 0.0575782 0.0577102 0.0575301 0.0622886 0.0622886 0.0613870 0.0613870 0.0631670 0.0634780 0.0611127 0.0610620 0.0605126 0.0626555 0.0605323 
