189
105693_6229_7786_MF778778_B_NA_NA 0.0000000 0.0981218 0.0196329 0.0210745 0.0070699 0.0954928 0.0057627 0.0325418 0.1024771 0.0262260 0.0117524 0.0956328 0.0954782 0.0909848 0.0070573 0.0396024 0.0398252 0.0125033 0.0077939 0.0057575 0.0466690 0.0466690 0.0457270 0.0543103 0.1031257 0.0836394 0.0328224 0.0357130 0.0356121 0.0879832 0.0315489 0.0848483 0.0323542 0.0864889 0.0465796 0.0426644 0.0439614 0.0440368 0.0299358 0.0475817 0.0968082 0.0452411 0.0436856 0.0981822 0.0905340 0.0904568 0.0966031 0.0425023 0.0957748 0.0952842 0.0927843 0.1103373 0.0943817 0.0731401 0.0888671 0.0436572 0.0904293 0.0444791 0.0546275 0.0408877 0.0432840 0.0982219 0.0532835 0.0926324 0.1008696 0.0805579 0.0658839 0.1004119 0.0526378 0.0826540 0.0526727 0.0795507 0.0806288 0.1003214 0.0526186 0.0816676 0.0796084 0.0825978 0.0802383 0.1013898 0.0529469 0.0806840 0.0818833 0.0585922 0.0658839 0.0595544 0.0631378 0.0567175 0.0913557 0.0911698 0.0779879 0.0539759 0.0806539 0.0562710 0.0781136 0.0640494 0.0570858 0.0562015 0.0593444 0.0776373 0.0584542 0.0525228 0.0554765 0.0562015 0.0839058 0.0817584 0.0814010 0.0931465 0.0820190 0.1194633 0.0931465 0.0934425 0.0843517 0.0957481 0.0974724 0.0820976 0.0890606 0.0838606 0.0831452 0.0954405 0.1157853 0.0783592 0.0862353 0.0887114 0.0771745 0.0960600 0.0860998 0.0868265 0.0810032 0.0900810 0.0910486 0.0901198 0.0970964 0.0937347 0.0842718 0.0922771 0.0997368 0.0958480 0.0881291 0.0885083 0.0873299 0.0847899 0.0879174 0.0892880 0.0896523 0.0855424 0.0909360 0.0851388 0.0886665 0.0846952 0.0899585 0.0872093 0.0860083 0.0887633 0.0919189 0.0928543 0.0914426 0.0906456 0.0882256 0.0881604 0.0878007 0.0893852 0.0836601 0.0857443 0.0881269 0.0869496 0.0904996 0.0894164 0.0881432 0.0864082 0.0834100 0.0874134 0.0827345 0.0855166 0.0824752 0.0847249 0.0847172 0.0835241 0.0885220 0.0800734 0.0879355 0.0846164 0.0814768 0.0847249 0.0834373 0.0835667 0.0840688 0.0899652 0.0882590 
105693_6229_7786_MF778777_B_NA_NA 0.0981218 0.0000000 0.1023813 0.1046352 0.0975185 0.0092998 0.0974578 0.1020238 0.0294171 0.0936327 0.1025951 0.0430953 0.0091884 0.0255107 0.0958887 0.0882301 0.1110783 0.1002147 0.0966917 0.0973583 0.0889288 0.0889288 0.1123919 0.1037547 0.0342830 0.0277432 0.1026682 0.1006262 0.1062372 0.0343817 0.0951602 0.0366189 0.0963826 0.0417913 0.1111549 0.1033325 0.0981093 0.1097940 0.0828655 0.0901142 0.0401864 0.1043862 0.1064929 0.0440221 0.0356923 0.0375506 0.0420918 0.0997741 0.0493893 0.0468242 0.0423353 0.0482480 0.0543887 0.0409310 0.0367747 0.1064929 0.0395699 0.1076203 0.0881009 0.1043427 0.0793326 0.0555948 0.0998053 0.0336742 0.0551440 0.0578660 0.1036691 0.0692537 0.0956935 0.0588340 0.0957675 0.0569563 0.0579170 0.0650300 0.0956627 0.0561451 0.0569958 0.0597061 0.0699512 0.0670480 0.0908175 0.0570518 0.0580795 0.1038342 0.1036691 0.0978353 0.0994687 0.0892805 0.0761299 0.0804679 0.1032002 0.0832208 0.0739209 0.0880439 0.0744715 0.0994223 0.0930841 0.0895059 0.0953270 0.0735155 0.0920094 0.0918249 0.0942909 0.0895059 0.1197967 0.1195375 0.1189341 0.1254985 0.1193215 0.1398844 0.1254985 0.1336215 0.1210285 0.1259689 0.1301720 0.1199894 0.1267397 0.1206910 0.1236588 0.1255839 0.1359185 0.1171834 0.1256477 0.1225197 0.1117266 0.1288866 0.1279653 0.1222480 0.1098909 0.1215105 0.1271974 0.1179658 0.1258950 0.1173732 0.1183141 0.1222118 0.1302082 0.1297269 0.1261798 0.1179828 0.1175962 0.1217354 0.1199383 0.1239814 0.1285362 0.1319238 0.1349508 0.1143927 0.1184516 0.1191383 0.1147134 0.1195840 0.1145621 0.1160002 0.1194060 0.1198487 0.1215712 0.1197662 0.1178653 0.1161465 0.1166838 0.1138137 0.1154434 0.1145248 0.1169480 0.1163637 0.1204712 0.1131179 0.1177269 0.1200890 0.1138058 0.1155629 0.1159258 0.1135948 0.1141722 0.1153856 0.1153656 0.1154256 0.1182133 0.1130422 0.1198444 0.1152048 0.1113495 0.1153856 0.1140363 0.1168032 0.1175372 0.1214276 0.1168292 
105693_6229_7786_MF778776_B_NA_NA 0.0196329 0.1023813 0.0000000 0.0012696 0.0146575 0.1011219 0.0146522 0.0331468 0.1120087 0.0402171 0.0111366 0.1055080 0.1025823 0.0978159 0.0160792 0.0438514 0.0388780 0.0146348 0.0174921 0.0146385 0.0450396 0.0450396 0.0515001 0.0542523 0.1116439 0.0927625 0.0390812 0.0450799 0.0457506 0.0981049 0.0433377 0.0940402 0.0442151 0.0935685 0.0523770 0.0485971 0.0491367 0.0497640 0.0401813 0.0459451 0.1050579 0.0447215 0.0457751 0.1074562 0.0984938 0.0994767 0.1057929 0.0428685 0.1077007 0.1072310 0.1083526 0.1244811 0.1061486 0.0811415 0.1004130 0.0457751 0.1023008 0.0466136 0.0653081 0.0429812 0.0501074 0.1127634 0.0580978 0.1029472 0.1130706 0.0920290 0.0738204 0.1130222 0.0608075 0.0921385 0.0608490 0.0909793 0.0921087 0.1075010 0.0607860 0.0911195 0.0910464 0.0941554 0.0940614 0.1085966 0.0605699 0.0901034 0.0913676 0.0697036 0.0738204 0.0680270 0.0687861 0.0626847 0.1012564 0.1028435 0.0818851 0.0616653 0.0909592 0.0645769 0.0905368 0.0700546 0.0654105 0.0644997 0.0665451 0.0900214 0.0663126 0.0626008 0.0637674 0.0644997 0.0900620 0.0886008 0.0882016 0.1001111 0.0886373 0.1292645 0.1001111 0.0998461 0.0913126 0.1045487 0.1054309 0.0889625 0.0953607 0.0900909 0.0900506 0.1042201 0.1254603 0.0849457 0.0924199 0.0950357 0.0835965 0.1029752 0.0954911 0.0961989 0.0878338 0.0970552 0.1002462 0.0993685 0.1058975 0.1016281 0.0931962 0.1027698 0.1105806 0.1056446 0.0968260 0.0975905 0.0953669 0.0940721 0.0961556 0.0996601 0.0967837 0.0949596 0.0983534 0.0940773 0.0978471 0.0936844 0.0991835 0.0962995 0.0950699 0.0978835 0.1011956 0.1021664 0.0974483 0.0998777 0.0973617 0.0972826 0.0968850 0.0985683 0.0925792 0.0947548 0.0972672 0.0960197 0.0997322 0.0986089 0.0972633 0.0954160 0.0923285 0.0965299 0.0916252 0.0945014 0.0913670 0.0937168 0.0937054 0.0924523 0.0976755 0.0888434 0.0972827 0.0935888 0.0900707 0.0937168 0.0924185 0.0925051 0.0930463 0.0991768 0.0973926 
105693_6229_7791_MF778775_B_NA_NA 0.0210745 0.1046352 0.0012696 0.0000000 0.0160568 0.1033850 0.0160509 0.0347311 0.1124922 0.0407111 0.0124986 0.1077972 0.1048227 0.0982921 0.0174921 0.0443496 0.0397965 0.0159805 0.0189165 0.0160359 0.0455302 0.0455302 0.0532365 0.0560407 0.1139666 0.0949354 0.0407299 0.0467592 0.0474249 0.1003265 0.0450157 0.0962200 0.0459017 0.0957315 0.0541208 0.0503281 0.0499963 0.0514863 0.0418485 0.0464345 0.1073183 0.0464124 0.0474796 0.1097804 0.1007094 0.1016951 0.1080981 0.0445375 0.1090783 0.1095332 0.1094421 0.1259552 0.1084170 0.0832040 0.1026470 0.0474796 0.1045434 0.0483244 0.0664196 0.0446534 0.0519578 0.1141727 0.0599242 0.1052060 0.1144781 0.0941880 0.0759077 0.1153900 0.0618968 0.0942996 0.0619393 0.0931306 0.0942693 0.1098282 0.0618749 0.0932735 0.0931994 0.0963302 0.0962548 0.1109315 0.0624367 0.0922504 0.0935290 0.0716596 0.0759077 0.0691636 0.0707374 0.0635909 0.1035339 0.1039284 0.0839633 0.0635474 0.0931193 0.0656882 0.0918180 0.0720243 0.0673226 0.0654113 0.0676702 0.0912985 0.0682307 0.0636982 0.0656724 0.0654113 0.0899681 0.0885086 0.0881101 0.1000078 0.0885444 0.1291351 0.1000078 0.0997433 0.0912175 0.1044419 0.1053229 0.0888698 0.0952616 0.0899971 0.0899568 0.1041136 0.1253336 0.0848565 0.0919210 0.0949370 0.0835090 0.1028689 0.0953907 0.0960984 0.0877411 0.0969536 0.1001419 0.0992639 0.1057886 0.1015223 0.0930983 0.1026628 0.1104667 0.1055341 0.0967228 0.0974886 0.0952669 0.0939735 0.0960553 0.0995557 0.0966826 0.0948592 0.0982501 0.0939787 0.0977440 0.0935854 0.0990794 0.0961981 0.0949695 0.0977810 0.1010899 0.1020599 0.0973458 0.0997731 0.0972594 0.0971804 0.0967835 0.0984649 0.0924816 0.0946551 0.0971649 0.0959188 0.0996277 0.0985053 0.0971612 0.0953160 0.0922310 0.0964281 0.0915284 0.0944021 0.0912703 0.0936178 0.0936065 0.0923546 0.0975728 0.0887493 0.0971780 0.0934901 0.0899752 0.0936178 0.0923202 0.0924073 0.0929478 0.0990727 0.0972902 
105693_6229_7786_MF778774_B_NA_NA 0.0070699 0.0975185 0.0146575 0.0160568 0.0000000 0.0962377 0.0025298 0.0322817 0.1037708 0.0253882 0.0084103 0.0973307 0.0969820 0.0922089 0.0051058 0.0387226 0.0420555 0.0118239 0.0058149 0.0025275 0.0457442 0.0457442 0.0470901 0.0558306 0.1046887 0.0863191 0.0366545 0.0370849 0.0384587 0.0907373 0.0344550 0.0862625 0.0352719 0.0879077 0.0479461 0.0449396 0.0453676 0.0453938 0.0339319 0.0466506 0.0983125 0.0432868 0.0433605 0.0997305 0.0930280 0.0932425 0.0981345 0.0421860 0.0986347 0.0981482 0.0984430 0.1167228 0.0972009 0.0744488 0.0916218 0.0433325 0.0954853 0.0441498 0.0601147 0.0422958 0.0456873 0.1034839 0.0556664 0.0954495 0.1038046 0.0858878 0.0700063 0.1062913 0.0581459 0.0880297 0.0581853 0.0848598 0.0859630 0.1061959 0.0581252 0.0870241 0.0849219 0.0879702 0.0856049 0.1072856 0.0584182 0.0860213 0.0872582 0.0642113 0.0700063 0.0652655 0.0680129 0.0623097 0.0980935 0.0979497 0.0832429 0.0594923 0.0848159 0.0618704 0.0844083 0.0689587 0.0626977 0.0617957 0.0650523 0.0839111 0.0640814 0.0599237 0.0610659 0.0617957 0.0890776 0.0868747 0.0864871 0.0982501 0.0868988 0.1246231 0.0982501 0.0979938 0.0895497 0.1003442 0.1021099 0.0872299 0.0935505 0.0882374 0.0883049 0.1000262 0.1208821 0.0831490 0.0906515 0.0940039 0.0819245 0.1006857 0.0911528 0.0918680 0.0859163 0.0952080 0.0961960 0.0952971 0.1017579 0.0963750 0.0892777 0.0969546 0.1050992 0.1011669 0.0933021 0.0935952 0.0918777 0.0897869 0.0929722 0.0944317 0.0924367 0.0906105 0.0961017 0.0901510 0.0932876 0.0897362 0.0951232 0.0923029 0.0905693 0.0938708 0.0971095 0.0980631 0.0942783 0.0952926 0.0928242 0.0932702 0.0928899 0.0945270 0.0886644 0.0907958 0.0927274 0.0920323 0.0956672 0.0945633 0.0932519 0.0914569 0.0884139 0.0925213 0.0877245 0.0905541 0.0874658 0.0897674 0.0897577 0.0885332 0.0936489 0.0850005 0.0931711 0.0896484 0.0864519 0.0897674 0.0884766 0.0885814 0.0891048 0.0951214 0.0933750 
105693_6229_7786_MF778773_B_NA_NA 0.0954928 0.0092998 0.1011219 0.1033850 0.0962377 0.0000000 0.0938682 0.1062968 0.0239375 0.0892453 0.1013362 0.0374243 0.0156285 0.0219728 0.0932628 0.0912826 0.1089422 0.0975840 0.0954051 0.0960783 0.0919664 0.0919664 0.1109606 0.1067755 0.0277172 0.0268449 0.1049968 0.0996386 0.1033980 0.0285200 0.0925576 0.0311463 0.0937737 0.0361866 0.1097203 0.1000120 0.0946961 0.1061408 0.0749597 0.0931779 0.0367176 0.1009625 0.1030355 0.0424918 0.0316046 0.0324813 0.0405761 0.0964303 0.0438958 0.0430714 0.0423848 0.0481487 0.0488072 0.0377261 0.0317231 0.1030355 0.0344146 0.1041493 0.0918953 0.0987590 0.0783599 0.0506177 0.0943381 0.0302546 0.0494636 0.0569595 0.1039000 0.0682773 0.0945743 0.0579241 0.0946472 0.0560538 0.0570097 0.0660830 0.0945438 0.0552462 0.0560925 0.0587916 0.0689743 0.0660830 0.0897378 0.0561491 0.0571704 0.1026682 0.1039000 0.0944160 0.0983186 0.0881968 0.0751068 0.0810246 0.1032237 0.0821723 0.0729247 0.0869679 0.0734741 0.0982682 0.0919842 0.0884213 0.0942066 0.0725223 0.0909153 0.0907243 0.0909150 0.0884213 0.1179114 0.1176616 0.1170721 0.1238853 0.1177665 0.1378732 0.1238853 0.1317167 0.1191342 0.1251351 0.1283044 0.1181065 0.1249068 0.1189367 0.1217358 0.1247539 0.1339520 0.1156471 0.1238418 0.1206088 0.1102415 0.1270273 0.1280156 0.1217822 0.1095055 0.1186785 0.1266952 0.1175270 0.1240728 0.1174825 0.1178729 0.1217421 0.1296807 0.1292026 0.1256761 0.1175448 0.1171586 0.1212688 0.1194870 0.1234994 0.1280243 0.1319524 0.1349626 0.1139778 0.1180063 0.1186886 0.1162363 0.1191313 0.1141428 0.1155746 0.1189584 0.1193946 0.1211055 0.1193127 0.1174251 0.1162613 0.1162550 0.1134015 0.1150202 0.1141109 0.1165129 0.1159342 0.1200129 0.1127094 0.1172882 0.1196347 0.1133937 0.1151391 0.1154988 0.1131859 0.1137569 0.1149620 0.1149425 0.1150020 0.1177707 0.1126341 0.1193807 0.1147832 0.1109533 0.1149620 0.1136207 0.1163695 0.1170980 0.1209622 0.1163960 
105693_6229_7786_MF778772_B_NA_NA 0.0057627 0.0974578 0.0146522 0.0160509 0.0025298 0.0938682 0.0000000 0.0322681 0.1037043 0.0223651 0.0097337 0.0972701 0.0969221 0.0921521 0.0064018 0.0387052 0.0420366 0.0118197 0.0071289 0.0025267 0.0457227 0.0457227 0.0437058 0.0558030 0.1022762 0.0862680 0.0366385 0.0370690 0.0352962 0.0906824 0.0344404 0.0862114 0.0352568 0.0878557 0.0445469 0.0431943 0.0418919 0.0420379 0.0307658 0.0466285 0.0982519 0.0415811 0.0416520 0.0996674 0.0929713 0.0931856 0.0980729 0.0405005 0.0985734 0.0980870 0.0983815 0.1166449 0.0971412 0.0723373 0.0915664 0.0416252 0.0954267 0.0424352 0.0600841 0.0406069 0.0456953 0.1034182 0.0538125 0.0953908 0.1037388 0.0858371 0.0699668 0.1062225 0.0581162 0.0879773 0.0581555 0.0848099 0.0859122 0.1061272 0.0580955 0.0869724 0.0848719 0.0879179 0.0855540 0.1072160 0.0583885 0.0859705 0.0872062 0.0641777 0.0699668 0.0632600 0.0679762 0.0622773 0.0980317 0.0978877 0.0831945 0.0594618 0.0847658 0.0618382 0.0843586 0.0689212 0.0626649 0.0617635 0.0650176 0.0838618 0.0640478 0.0598928 0.0591067 0.0617635 0.0890238 0.0868227 0.0864357 0.0981882 0.0868465 0.1245350 0.0981882 0.0979324 0.0894953 0.1002807 0.1020446 0.0871776 0.0934927 0.0881843 0.0882517 0.0999630 0.1207976 0.0831000 0.0905964 0.0939458 0.0818766 0.1006214 0.0910963 0.0918111 0.0858645 0.0951481 0.0961353 0.0952366 0.1016925 0.0963140 0.0892229 0.0974139 0.1050301 0.1011009 0.0932429 0.0935367 0.0923349 0.0897319 0.0929145 0.0943721 0.0923794 0.0905542 0.0960408 0.0900956 0.0937489 0.0896808 0.0950629 0.0922452 0.0910307 0.0938119 0.0970476 0.0980004 0.0942187 0.0957522 0.0932844 0.0932117 0.0928319 0.0944674 0.0886099 0.0907395 0.0931880 0.0919749 0.0956065 0.0945035 0.0931934 0.0914002 0.0883596 0.0924633 0.0876708 0.0904981 0.0874123 0.0897119 0.0897022 0.0884788 0.0935900 0.0849492 0.0931112 0.0895930 0.0863992 0.0897119 0.0884219 0.0885269 0.0890498 0.0950612 0.0933164 
105693_6229_7786_MF778771_B_NA_NA 0.0325418 0.1020238 0.0331468 0.0347311 0.0322817 0.1062968 0.0322681 0.0000000 0.1084584 0.0498393 0.0395680 0.1107088 0.0992894 0.1008522 0.0338479 0.0480674 0.0328777 0.0422849 0.0341974 0.0307021 0.0500539 0.0500539 0.0370881 0.0422420 0.1062617 0.0990920 0.0406786 0.0365633 0.0431878 0.1038427 0.0400061 0.0965892 0.0408794 0.0976029 0.0362521 0.0390440 0.0398409 0.0338493 0.0417366 0.0509938 0.1056652 0.0444369 0.0411858 0.1108247 0.0980524 0.0998383 0.1091212 0.0427305 0.1119659 0.1110255 0.1015266 0.1129508 0.1095606 0.0805893 0.0993425 0.0411858 0.1010079 0.0420136 0.0586675 0.0424247 0.0415755 0.1107949 0.0486545 0.1033447 0.1158354 0.0844859 0.0624433 0.1004912 0.0558054 0.0907575 0.0558431 0.0834556 0.0845605 0.1014798 0.0557853 0.0897368 0.0835171 0.0865728 0.0893618 0.1014788 0.0560951 0.0887191 0.0899816 0.0628015 0.0624433 0.0628790 0.0618961 0.0581494 0.0940986 0.0938244 0.0748091 0.0553705 0.0876717 0.0559032 0.0855395 0.0609557 0.0585253 0.0576305 0.0589932 0.0845339 0.0599066 0.0560012 0.0568995 0.0576305 0.0798540 0.0797381 0.0793886 0.0908416 0.0797111 0.1192108 0.0908416 0.0906124 0.0823294 0.0950528 0.0967844 0.0800748 0.0862344 0.0810681 0.0811237 0.0947445 0.1155211 0.0760601 0.0854947 0.0846257 0.0748832 0.0943645 0.0918927 0.0926111 0.0802320 0.0915998 0.0936432 0.0929059 0.0964017 0.0928175 0.0846457 0.0939012 0.1014767 0.1010782 0.0931546 0.0889231 0.0888699 0.0883920 0.0883247 0.0952082 0.0933678 0.0913489 0.0968935 0.0870435 0.0912400 0.0850752 0.0903919 0.0876140 0.0885301 0.0891818 0.0945421 0.0933157 0.0940651 0.0932473 0.0907835 0.0907140 0.0903412 0.0919642 0.0861272 0.0882504 0.0906850 0.0894804 0.0909377 0.0898436 0.0885567 0.0889178 0.0858749 0.0899604 0.0851876 0.0880140 0.0849265 0.0872188 0.0872100 0.0859925 0.0889402 0.0824758 0.0905506 0.0871043 0.0839131 0.0872188 0.0859201 0.0860381 0.0865546 0.0925557 0.0908164 
105693_6229_7786_MF778770_B_NA_NA 0.1024771 0.0294171 0.1120087 0.1124922 0.1037708 0.0239375 0.1037043 0.1084584 0.0000000 0.0896484 0.1089972 0.0483089 0.0271646 0.0187458 0.1044462 0.0872052 0.1166266 0.1089353 0.1038933 0.1014175 0.0884922 0.0884922 0.1153981 0.1090556 0.0345675 0.0357261 0.1002004 0.1048447 0.1094773 0.0348397 0.1022653 0.0332893 0.1035411 0.0352601 0.1116977 0.1054293 0.0936908 0.1081187 0.0843159 0.0896766 0.0355101 0.0976966 0.0980942 0.0399494 0.0313152 0.0259533 0.0380672 0.0917006 0.0399931 0.0409348 0.0389590 0.0449845 0.0388965 0.0390971 0.0300010 0.0980942 0.0327044 0.0991888 0.0888001 0.0987790 0.0752398 0.0428737 0.0900257 0.0301594 0.0408340 0.0570459 0.0988100 0.0634946 0.0892096 0.0587319 0.0892773 0.0561336 0.0570964 0.0677806 0.0891804 0.0578368 0.0561727 0.0588907 0.0604749 0.0677806 0.0864298 0.0569441 0.0579748 0.0974466 0.0988100 0.0872794 0.0899146 0.0800471 0.0769061 0.0800016 0.0993412 0.0809009 0.0654439 0.0817745 0.0650758 0.0889598 0.0878737 0.0795220 0.0848628 0.0641574 0.0836348 0.0832386 0.0847465 0.0795220 0.1117939 0.1115677 0.1110161 0.1184570 0.1143720 0.1316974 0.1184570 0.1257471 0.1130074 0.1159886 0.1204053 0.1120000 0.1190293 0.1122389 0.1155568 0.1156266 0.1278346 0.1088323 0.1180315 0.1144508 0.1050797 0.1211106 0.1247191 0.1185961 0.1087117 0.1152253 0.1234392 0.1167023 0.1186164 0.1161083 0.1170469 0.1208971 0.1288059 0.1283303 0.1248076 0.1167219 0.1171625 0.1204277 0.1186552 0.1226494 0.1221299 0.1310692 0.1324488 0.1108659 0.1148259 0.1155037 0.1111648 0.1159403 0.1110044 0.1101349 0.1157952 0.1138636 0.1129906 0.1161226 0.1142599 0.1125710 0.1154377 0.1102893 0.1118873 0.1133008 0.1133492 0.1104840 0.1121434 0.1095964 0.1164627 0.1164519 0.1102821 0.1120051 0.1123554 0.1100812 0.1106327 0.1118250 0.1118060 0.1118642 0.1146004 0.1095210 0.1161212 0.1116540 0.1081699 0.1118250 0.1104893 0.1132121 0.1162685 0.1177512 0.1157897 
105693_6229_7786_MF778769_B_NA_NA 0.0262260 0.0936327 0.0402171 0.0407111 0.0253882 0.0892453 0.0223651 0.0498393 0.0896484 0.0000000 0.0340442 0.0973058 0.0919833 0.0778604 0.0299934 0.0176448 0.0423019 0.0366716 0.0295611 0.0238633 0.0227730 0.0227730 0.0488363 0.0615202 0.0946179 0.0834328 0.0469326 0.0364912 0.0347017 0.0865364 0.0365885 0.0821902 0.0374266 0.0832005 0.0479321 0.0428919 0.0343658 0.0453428 0.0318275 0.0235290 0.0901124 0.0537144 0.0568297 0.0940491 0.0824147 0.0776891 0.0914074 0.0543397 0.0889706 0.0927100 0.0955555 0.1079954 0.0963389 0.0628613 0.0811123 0.0567909 0.0827620 0.0576870 0.0506040 0.0574864 0.0538135 0.0969216 0.0609028 0.0836988 0.0923254 0.0802960 0.0636854 0.0976111 0.0509577 0.0803920 0.0509907 0.0793086 0.0803654 0.0975246 0.0509393 0.0794306 0.0793650 0.0822957 0.0799807 0.0985635 0.0523072 0.0784719 0.0796351 0.0622001 0.0636854 0.0583860 0.0678244 0.0558416 0.0973765 0.0978327 0.0784225 0.0527564 0.0826922 0.0552925 0.0827532 0.0687542 0.0593438 0.0553335 0.0582909 0.0817768 0.0571602 0.0583273 0.0560393 0.0553335 0.0910445 0.0888210 0.0884219 0.0892111 0.0792178 0.1127849 0.0892111 0.0942044 0.0794361 0.0975158 0.0962720 0.0891820 0.0850844 0.0901963 0.0902672 0.0964364 0.1115137 0.0850724 0.0926298 0.0934629 0.0838315 0.0923885 0.0906159 0.0960071 0.0827292 0.0921282 0.0930905 0.0940646 0.0933829 0.0907380 0.0859692 0.0958765 0.1017435 0.1000756 0.0956723 0.0912676 0.0918410 0.0875463 0.0906667 0.1035576 0.0926547 0.0921916 0.0954998 0.0951662 0.0915130 0.0917378 0.0953131 0.0917494 0.0880934 0.0908210 0.0930813 0.0956730 0.0944778 0.0959948 0.0910657 0.0909974 0.0944520 0.0914479 0.0906585 0.0940307 0.0901983 0.0897905 0.0925569 0.0914806 0.0948158 0.0934492 0.0879118 0.0919638 0.0897198 0.0924975 0.0857848 0.0868134 0.0880310 0.0892842 0.0938551 0.0894299 0.0933876 0.0891300 0.0849561 0.0868134 0.0887426 0.0856605 0.0897752 0.0920253 0.0910978 
105693_6229_7786_MF778768_B_NA_NA 0.0117524 0.1025951 0.0111366 0.0124986 0.0084103 0.1013362 0.0097337 0.0395680 0.1089972 0.0340442 0.0000000 0.1024120 0.1020220 0.0972483 0.0097410 0.0447620 0.0497591 0.0083841 0.0104253 0.0097248 0.0520539 0.0520539 0.0549987 0.0624231 0.1098508 0.0911729 0.0344190 0.0418935 0.0442310 0.0956878 0.0401783 0.0911203 0.0410266 0.0927608 0.0558912 0.0528305 0.0534991 0.0532331 0.0387468 0.0529980 0.1033438 0.0431233 0.0441761 0.1048934 0.0980126 0.0982270 0.1032571 0.0413194 0.1051661 0.1046931 0.1035478 0.1221666 0.1036516 0.0790827 0.0979746 0.0441476 0.0998462 0.0449670 0.0632809 0.0414273 0.0489224 0.1101554 0.0587504 0.1004728 0.1104652 0.0896399 0.0734388 0.1103183 0.0613365 0.0918024 0.0613782 0.0886027 0.0897176 0.1102200 0.0613150 0.0907887 0.0886676 0.0917411 0.0893848 0.1113189 0.0610970 0.0897779 0.0910346 0.0674314 0.0734388 0.0685327 0.0700923 0.0650375 0.1017694 0.1019209 0.0867060 0.0621905 0.0885732 0.0650926 0.0881585 0.0705551 0.0659225 0.0650154 0.0670548 0.0876520 0.0668211 0.0611923 0.0642869 0.0650154 0.0921375 0.0899090 0.0895047 0.1014134 0.0899544 0.1289662 0.1014134 0.1011445 0.0926232 0.1035205 0.1053097 0.0902722 0.0966688 0.0912874 0.0913600 0.1031962 0.1251888 0.0861578 0.0937242 0.0971169 0.0849108 0.1038819 0.0942857 0.0949913 0.0889782 0.0991619 0.1001615 0.0992896 0.1057715 0.1003499 0.0931643 0.1009526 0.1091895 0.1052405 0.0965025 0.0975257 0.0957949 0.0928900 0.0961017 0.0984009 0.0979062 0.0937545 0.0992895 0.0940388 0.0972591 0.0936486 0.0991062 0.0962440 0.0945057 0.0978163 0.1011035 0.1020671 0.1006387 0.0992746 0.0967794 0.0972197 0.0968253 0.0984958 0.0925518 0.0947111 0.0966851 0.0959664 0.0996508 0.0985359 0.0972006 0.0953674 0.0923030 0.0964725 0.0916051 0.0944596 0.0913487 0.0936807 0.0936694 0.0924258 0.0976096 0.0888443 0.0972182 0.0935538 0.0903272 0.0936807 0.0923921 0.0924782 0.0930153 0.0990996 0.0973288 
105693_6229_7786_MF778767_B_NA_NA 0.0956328 0.0430953 0.1055080 0.1077972 0.0973307 0.0374243 0.0972701 0.1107088 0.0483089 0.0973058 0.1024120 0.0000000 0.0446671 0.0490614 0.0957004 0.1001049 0.1176526 0.1000298 0.0965029 0.0971706 0.1064703 0.1064703 0.1184326 0.1194042 0.0382120 0.0225543 0.1062780 0.1038323 0.1085029 0.0249778 0.0993938 0.0275915 0.1006454 0.0259795 0.1171669 0.1063037 0.0975701 0.1135076 0.0814929 0.1077745 0.0374853 0.1029892 0.1050573 0.0413012 0.0316355 0.0335722 0.0394328 0.1015888 0.0431752 0.0423595 0.0497694 0.0591199 0.0487849 0.0413122 0.0318576 0.1050573 0.0313175 0.1061661 0.0958549 0.1022377 0.0786242 0.0488598 0.0948709 0.0294505 0.0469837 0.0689523 0.1063193 0.0688285 0.0960636 0.0650905 0.0961378 0.0680077 0.0690124 0.0802710 0.0960328 0.0636910 0.0680553 0.0708642 0.0644487 0.0802710 0.0932458 0.0632777 0.0643386 0.1041907 0.1063193 0.0951229 0.0997256 0.0885038 0.0877230 0.0743789 0.1051627 0.0876609 0.0735741 0.0925507 0.0720687 0.1009329 0.0955420 0.0879763 0.0938613 0.0711309 0.0914592 0.0953594 0.0916357 0.0879763 0.1225824 0.1222301 0.1216094 0.1297983 0.1237229 0.1392197 0.1297983 0.1354440 0.1237356 0.1254174 0.1295908 0.1226872 0.1285445 0.1215705 0.1263888 0.1250358 0.1352827 0.1180791 0.1290834 0.1253123 0.1140730 0.1301904 0.1256691 0.1219492 0.1125030 0.1184155 0.1255646 0.1230298 0.1253482 0.1187449 0.1191291 0.1206284 0.1285264 0.1293738 0.1257659 0.1187974 0.1169009 0.1172117 0.1207472 0.1210492 0.1287528 0.1252307 0.1290246 0.1129129 0.1169118 0.1175913 0.1174987 0.1180316 0.1145709 0.1121844 0.1178677 0.1182943 0.1180339 0.1182129 0.1163365 0.1151799 0.1128735 0.1123382 0.1139466 0.1130472 0.1154265 0.1125372 0.1165539 0.1139607 0.1162020 0.1185370 0.1123307 0.1140653 0.1144210 0.1121250 0.1126882 0.1138872 0.1138674 0.1139263 0.1166801 0.1115715 0.1170753 0.1137114 0.1102107 0.1138872 0.1125499 0.1152852 0.1160077 0.1198530 0.1153129 
105693_6229_7786_MF778766_B_NA_NA 0.0954782 0.0091884 0.1025823 0.1048227 0.0969820 0.0156285 0.0969221 0.0992894 0.0271646 0.0919833 0.1020220 0.0446671 0.0000000 0.0257094 0.0953658 0.0852617 0.1112239 0.0996607 0.0940544 0.0947200 0.0875046 0.0875046 0.1102441 0.0980158 0.0376612 0.0318649 0.0983393 0.0980695 0.1032849 0.0360494 0.0928816 0.0375460 0.0940891 0.0411022 0.1066315 0.1003916 0.0953963 0.1031418 0.0861002 0.0886789 0.0440163 0.1009981 0.1008907 0.0450145 0.0366114 0.0361757 0.0430672 0.0943463 0.0504208 0.0495635 0.0417454 0.0481310 0.0536968 0.0418915 0.0377067 0.1008907 0.0405248 0.1019976 0.0849869 0.1009556 0.0761742 0.0536762 0.0964918 0.0362063 0.0544414 0.0552544 0.1002409 0.0664960 0.0940899 0.0569278 0.0941627 0.0543521 0.0553032 0.0650417 0.0940594 0.0560417 0.0543897 0.0570793 0.0671957 0.0650417 0.0878940 0.0551581 0.0561740 0.1014279 0.1002409 0.0962250 0.0970609 0.0884521 0.0745574 0.0808131 0.1014146 0.0816511 0.0723782 0.0864604 0.0729302 0.0970056 0.0914938 0.0879180 0.0937196 0.0719753 0.0904216 0.0902266 0.0926867 0.0879180 0.1172394 0.1169903 0.1164001 0.1229068 0.1167647 0.1371799 0.1229068 0.1309944 0.1194523 0.1237280 0.1275581 0.1174383 0.1231272 0.1181300 0.1210895 0.1233476 0.1332313 0.1146356 0.1230700 0.1209402 0.1092097 0.1262700 0.1251282 0.1194909 0.1095003 0.1219696 0.1243898 0.1175791 0.1257181 0.1169847 0.1179277 0.1218254 0.1298217 0.1293399 0.1257898 0.1184308 0.1180457 0.1221961 0.1203930 0.1235949 0.1257172 0.1315362 0.1329276 0.1116794 0.1156904 0.1163741 0.1119860 0.1168166 0.1118266 0.1132700 0.1150717 0.1170815 0.1187919 0.1170000 0.1151150 0.1134082 0.1162978 0.1110980 0.1127146 0.1126407 0.1141973 0.1136286 0.1177001 0.1104004 0.1173399 0.1173291 0.1110906 0.1128344 0.1131900 0.1108859 0.1114475 0.1126529 0.1126330 0.1126927 0.1154604 0.1103237 0.1170175 0.1124784 0.1086467 0.1126529 0.1113042 0.1140568 0.1171484 0.1186464 0.1140862 
105693_6229_7786_MF778765_B_NA_NA 0.0909848 0.0255107 0.0978159 0.0982921 0.0922089 0.0219728 0.0921521 0.1008522 0.0187458 0.0778604 0.0972483 0.0490614 0.0257094 0.0000000 0.0928904 0.0749061 0.1093204 0.0972162 0.0923207 0.0899534 0.0798207 0.0798207 0.1178710 0.1100896 0.0407076 0.0351011 0.1022112 0.1049347 0.1115110 0.0361925 0.0997171 0.0401586 0.1009797 0.0401773 0.1165986 0.1050046 0.0982906 0.1129201 0.0846784 0.0809527 0.0348235 0.1012461 0.1016573 0.0464624 0.0374108 0.0317930 0.0444797 0.0951158 0.0463627 0.0492393 0.0415400 0.0485554 0.0499264 0.0404754 0.0377454 0.1016573 0.0406086 0.1027727 0.0873870 0.1037539 0.0768647 0.0495356 0.0972848 0.0379462 0.0485645 0.0595744 0.0972840 0.0692265 0.0896440 0.0594447 0.0897125 0.0586516 0.0596272 0.0696582 0.0896145 0.0585451 0.0586926 0.0614410 0.0699294 0.0696582 0.0888857 0.0576479 0.0586855 0.0971591 0.0972840 0.0938365 0.0949555 0.0863466 0.0746309 0.0843259 0.1054820 0.0812733 0.0719803 0.0821526 0.0708025 0.0970392 0.0911372 0.0858135 0.0892666 0.0698561 0.0900628 0.0836290 0.0902300 0.0858135 0.1086856 0.1084705 0.1079368 0.1152885 0.1093434 0.1258928 0.1152885 0.1225227 0.1098962 0.1181053 0.1215611 0.1088966 0.1182063 0.1123821 0.1124247 0.1177369 0.1220844 0.1066881 0.1172159 0.1113269 0.1042673 0.1202863 0.1199264 0.1131292 0.1067428 0.1202241 0.1202359 0.1143823 0.1173913 0.1129464 0.1138988 0.1200732 0.1279746 0.1250620 0.1209813 0.1187687 0.1163439 0.1209832 0.1183592 0.1194410 0.1165755 0.1261747 0.1275368 0.1077651 0.1101788 0.1108499 0.1088667 0.1112811 0.1064073 0.1078463 0.1126603 0.1138711 0.1098499 0.1091534 0.1096311 0.1079655 0.1100172 0.1057260 0.1064815 0.1098466 0.1087224 0.1081911 0.1121484 0.1073072 0.1118159 0.1118043 0.1057197 0.1074169 0.1077545 0.1055294 0.1060545 0.1072298 0.1072135 0.1072699 0.1099674 0.1060719 0.1113620 0.1070692 0.1033300 0.1072298 0.1058991 0.1085917 0.1116038 0.1130666 0.1111423 
105693_6229_7786_MF778764_B_NA_NA 0.0070573 0.0958887 0.0160792 0.0174921 0.0051058 0.0932628 0.0064018 0.0338479 0.1044462 0.0299934 0.0097410 0.0957004 0.0953658 0.0928904 0.0000000 0.0387476 0.0419592 0.0104553 0.0071185 0.0063960 0.0457764 0.0457764 0.0469797 0.0539632 0.1030061 0.0835387 0.0365722 0.0370035 0.0368311 0.0878776 0.0328428 0.0847456 0.0336504 0.0863858 0.0478333 0.0448344 0.0435694 0.0452882 0.0323076 0.0466839 0.0966943 0.0449385 0.0450149 0.0980652 0.0904263 0.0903493 0.0964880 0.0438195 0.0956621 0.0951714 0.0946860 0.1126542 0.0942702 0.0730512 0.0887605 0.0449858 0.0925616 0.0458094 0.0564193 0.0421998 0.0446943 0.1004269 0.0538077 0.0925227 0.1007518 0.0823708 0.0678659 0.1023747 0.0544369 0.0844785 0.0544732 0.0813585 0.0824430 0.1022827 0.0544172 0.0834874 0.0814176 0.0844212 0.0820642 0.1033565 0.0547340 0.0824992 0.0837089 0.0604251 0.0678659 0.0614169 0.0641145 0.0585422 0.0935356 0.0941429 0.0770746 0.0557773 0.0813021 0.0580984 0.0809031 0.0650329 0.0589169 0.0580272 0.0612057 0.0804184 0.0602896 0.0561922 0.0573010 0.0580272 0.0854725 0.0833128 0.0829472 0.0947700 0.0835882 0.1221183 0.0947700 0.0950637 0.0859255 0.0973826 0.0967755 0.0836563 0.0906648 0.0854305 0.0847099 0.0970717 0.1184151 0.0799057 0.0878165 0.0903051 0.0787104 0.0977046 0.0882606 0.0889823 0.0831051 0.0930525 0.0940300 0.0931202 0.0995410 0.0967569 0.0871840 0.0947669 0.1028255 0.0989193 0.0903406 0.0914594 0.0897564 0.0869269 0.0900782 0.0922707 0.0918327 0.0877098 0.0931434 0.0880530 0.0911305 0.0876269 0.0929520 0.0901668 0.0884433 0.0917258 0.0949236 0.0958677 0.0944515 0.0931211 0.0906782 0.0911255 0.0907545 0.0923664 0.0865726 0.0886801 0.0905805 0.0899012 0.0934936 0.0924004 0.0911076 0.0893411 0.0863226 0.0903788 0.0856405 0.0884448 0.0853819 0.0876574 0.0876485 0.0864396 0.0914963 0.0829477 0.0909738 0.0875430 0.0843764 0.0876574 0.0863706 0.0864853 0.0869989 0.0929534 0.0912274 
105693_6229_7786_MF778763_B_NA_NA 0.0396024 0.0882301 0.0438514 0.0443496 0.0387226 0.0912826 0.0387052 0.0480674 0.0872052 0.0176448 0.0447620 0.1001049 0.0852617 0.0749061 0.0387476 0.0000000 0.0430037 0.0441803 0.0416739 0.0370515 0.0164236 0.0164236 0.0472572 0.0522629 0.0901684 0.0851857 0.0475966 0.0356355 0.0438123 0.0875496 0.0362120 0.0845905 0.0370596 0.0835601 0.0463432 0.0401356 0.0343018 0.0437253 0.0407817 0.0171554 0.0842894 0.0483911 0.0514420 0.0957749 0.0833724 0.0793493 0.0930918 0.0490306 0.0908156 0.0946252 0.0925718 0.1054881 0.0982943 0.0680347 0.0828266 0.0514067 0.0845067 0.0522949 0.0488660 0.0521103 0.0506097 0.0989147 0.0574070 0.0854591 0.0942266 0.0771442 0.0581368 0.0910273 0.0465583 0.0811630 0.0465884 0.0761583 0.0772118 0.0932892 0.0465410 0.0801910 0.0762128 0.0791406 0.0787724 0.0932892 0.0479349 0.0792217 0.0803997 0.0605125 0.0581368 0.0558183 0.0633067 0.0514335 0.0929148 0.0929941 0.0677521 0.0483450 0.0814968 0.0491476 0.0815573 0.0642193 0.0566701 0.0509146 0.0538403 0.0805759 0.0544882 0.0521169 0.0534461 0.0509146 0.0849926 0.0838644 0.0857080 0.0864891 0.0764848 0.1035637 0.0864891 0.0914831 0.0767193 0.0920036 0.0956968 0.0842148 0.0823549 0.0862258 0.0875378 0.0909364 0.1023323 0.0811202 0.0920209 0.0863785 0.0810995 0.0896659 0.0863748 0.0917169 0.0774267 0.0895034 0.0896889 0.0906405 0.0886484 0.0860449 0.0826242 0.0911079 0.0968836 0.0952060 0.0900514 0.0878766 0.0871243 0.0833535 0.0852233 0.0986160 0.0907677 0.0866625 0.0899333 0.0903784 0.0867740 0.0869778 0.0905188 0.0870030 0.0833948 0.0861149 0.0883584 0.0909011 0.0919986 0.0912026 0.0863459 0.0862839 0.0896933 0.0867146 0.0859268 0.0892538 0.0854770 0.0850938 0.0878079 0.0867430 0.0900415 0.0886938 0.0832232 0.0872056 0.0849952 0.0877492 0.0811227 0.0821398 0.0833377 0.0845685 0.0890858 0.0847047 0.0885144 0.0844233 0.0812998 0.0821398 0.0840206 0.0810047 0.0850814 0.0872836 0.0863793 
105693_6229_7786_MF778762_B_NA_NA 0.0398252 0.1110783 0.0388780 0.0397965 0.0420555 0.1089422 0.0420366 0.0328777 0.1166266 0.0423019 0.0497591 0.1176526 0.1112239 0.1093204 0.0419592 0.0430037 0.0000000 0.0508198 0.0423947 0.0403862 0.0391620 0.0391620 0.0434156 0.0458182 0.1187732 0.1080373 0.0465065 0.0329008 0.0420097 0.1106241 0.0338242 0.1011083 0.0346413 0.1047158 0.0425557 0.0327921 0.0319735 0.0400896 0.0460844 0.0400207 0.1176070 0.0555619 0.0576502 0.1143324 0.1012537 0.1022301 0.1126246 0.0562324 0.1107217 0.1125360 0.1115085 0.1202639 0.1121077 0.0823851 0.1017450 0.0576502 0.1012646 0.0585401 0.0554746 0.0554625 0.0471029 0.1161534 0.0506584 0.1057134 0.1093746 0.0868190 0.0670067 0.1026896 0.0546303 0.0869222 0.0546662 0.0858003 0.0868939 0.0995440 0.0546109 0.0859321 0.0858624 0.0888822 0.0887454 0.1006006 0.0551264 0.0849448 0.0861597 0.0634855 0.0670067 0.0615080 0.0618123 0.0535334 0.0933786 0.0912765 0.0735454 0.0526772 0.0899790 0.0564759 0.0834877 0.0634934 0.0574967 0.0547644 0.0577254 0.0825113 0.0570851 0.0583385 0.0549094 0.0547644 0.0878066 0.0856268 0.0852483 0.0869020 0.0761535 0.1184860 0.0869020 0.0911720 0.0784594 0.0972558 0.0953125 0.0859767 0.0844825 0.0880933 0.0870403 0.0961782 0.1148656 0.0830292 0.0896241 0.0926812 0.0809628 0.0923832 0.0926557 0.0968514 0.0785524 0.0865255 0.0916827 0.0909407 0.0967330 0.0933718 0.0828692 0.0916899 0.1015322 0.0989308 0.0947034 0.0870617 0.0853391 0.0865488 0.0864829 0.1022139 0.0927654 0.0921225 0.0954396 0.0918174 0.0914379 0.0905253 0.0919595 0.0905405 0.0887636 0.0915157 0.0925531 0.0926444 0.0934429 0.0947790 0.0909869 0.0879928 0.0911244 0.0921519 0.0894519 0.0869687 0.0908899 0.0897007 0.0932726 0.0900600 0.0893643 0.0901250 0.0867121 0.0907522 0.0856212 0.0891795 0.0826062 0.0853826 0.0848331 0.0859919 0.0905208 0.0882231 0.0921485 0.0879275 0.0845228 0.0853826 0.0875357 0.0842274 0.0847046 0.0906066 0.0896806 
105693_6229_7791_MF778761_B_NA_NA 0.0125033 0.1002147 0.0146348 0.0159805 0.0118239 0.0975840 0.0118197 0.0422849 0.1089353 0.0366716 0.0083841 0.1000298 0.0996607 0.0972162 0.0104553 0.0441803 0.0508198 0.0000000 0.0124993 0.0118088 0.0514876 0.0514876 0.0525764 0.0581231 0.1052382 0.0876467 0.0354184 0.0412817 0.0436234 0.0920707 0.0347662 0.0888793 0.0355910 0.0905168 0.0534606 0.0487128 0.0492572 0.0508262 0.0381225 0.0524336 0.1009820 0.0442550 0.0453239 0.1024648 0.0946587 0.0945725 0.1008529 0.0424260 0.1013930 0.1009140 0.0966952 0.1147806 0.0999307 0.0769829 0.0943304 0.0452944 0.0961814 0.0461229 0.0626543 0.0408120 0.0463438 0.1039145 0.0545599 0.0967796 0.1065984 0.0874227 0.0737550 0.1056268 0.0588952 0.0895625 0.0589351 0.0863959 0.0874986 0.1077347 0.0588743 0.0885585 0.0864589 0.0895026 0.0887307 0.1088221 0.0586697 0.0875574 0.0887962 0.0668018 0.0737550 0.0678958 0.0694561 0.0644034 0.0993773 0.0965295 0.0840466 0.0615565 0.0879219 0.0644583 0.0875080 0.0699155 0.0652892 0.0643814 0.0664194 0.0870023 0.0661882 0.0624890 0.0636512 0.0643814 0.0922451 0.0877807 0.0896091 0.1018514 0.0903540 0.1274528 0.1018514 0.1021348 0.0927314 0.1021424 0.1030734 0.0881377 0.0976346 0.0922136 0.0914669 0.1018206 0.1236899 0.0865428 0.0942519 0.0949200 0.0852899 0.1048950 0.0929184 0.0936290 0.0846907 0.0956214 0.0956288 0.0947336 0.1043756 0.1015792 0.0918050 0.1000821 0.1077677 0.1038236 0.0951082 0.0930542 0.0949420 0.0915340 0.0916688 0.0970169 0.0965342 0.0923818 0.0979033 0.0926798 0.0963944 0.0922807 0.0977179 0.0948682 0.0936485 0.0942846 0.0943777 0.1006730 0.0992454 0.0984076 0.0959183 0.0958418 0.0954520 0.0939732 0.0911917 0.0902798 0.0958234 0.0945928 0.0982625 0.0954407 0.0958229 0.0940016 0.0909420 0.0950934 0.0902464 0.0930948 0.0899890 0.0923125 0.0923018 0.0910637 0.0962280 0.0874956 0.0958062 0.0921882 0.0889690 0.0923125 0.0910220 0.0911147 0.0916475 0.0977127 0.0959494 
105693_6229_7786_MF778760_B_NA_NA 0.0077939 0.0966917 0.0174921 0.0189165 0.0058149 0.0954051 0.0071289 0.0341974 0.1038933 0.0295611 0.0104253 0.0965029 0.0940544 0.0923207 0.0071185 0.0416739 0.0423947 0.0124993 0.0000000 0.0058077 0.0479727 0.0479727 0.0474684 0.0562823 0.1017047 0.0820610 0.0348920 0.0363219 0.0395840 0.0878518 0.0339262 0.0856159 0.0347453 0.0872663 0.0483310 0.0442617 0.0466117 0.0457589 0.0324831 0.0488991 0.0953926 0.0469176 0.0463538 0.0953069 0.0901268 0.0925990 0.0937450 0.0451309 0.0979949 0.0951966 0.0962417 0.1145430 0.0979741 0.0717256 0.0923601 0.0463234 0.0962517 0.0471591 0.0596530 0.0434855 0.0461136 0.1028442 0.0570474 0.0925297 0.1031669 0.0865850 0.0716676 0.1071428 0.0586262 0.0887419 0.0586662 0.0855498 0.0866610 0.1070472 0.0586052 0.0877295 0.0856127 0.0886818 0.0863057 0.1081438 0.0588967 0.0867200 0.0879670 0.0657244 0.0716676 0.0658025 0.0673628 0.0628202 0.0988892 0.0948163 0.0824964 0.0599807 0.0855082 0.0623791 0.0850973 0.0683073 0.0632119 0.0623035 0.0643335 0.0845956 0.0646044 0.0604165 0.0615694 0.0623035 0.0898050 0.0875848 0.0871914 0.0990480 0.0876141 0.1256245 0.0990480 0.0987873 0.0902827 0.1011553 0.1029345 0.0879438 0.0943144 0.0889582 0.0890273 0.1008341 0.1218599 0.0838340 0.0913899 0.0947686 0.0825979 0.1015034 0.0903712 0.0910892 0.0851485 0.0944207 0.0954069 0.0945022 0.1025855 0.0981642 0.0885006 0.0961592 0.1042886 0.1003582 0.0925051 0.0928117 0.0910960 0.0890119 0.0921928 0.0936408 0.0939698 0.0898257 0.0953097 0.0893742 0.0924957 0.0889543 0.0943300 0.0915167 0.0897830 0.0930845 0.0963150 0.0972670 0.0958428 0.0944996 0.0920354 0.0924828 0.0921052 0.0937364 0.0878867 0.0900138 0.0919380 0.0912473 0.0948742 0.0937719 0.0924646 0.0906763 0.0876358 0.0917331 0.0869476 0.0897740 0.0866884 0.0889853 0.0889759 0.0877545 0.0928594 0.0842292 0.0923641 0.0888677 0.0856753 0.0889853 0.0876932 0.0878019 0.0883228 0.0943293 0.0902673 
105693_6229_7786_MF778759_B_NA_NA 0.0057575 0.0973583 0.0146385 0.0160359 0.0025275 0.0960783 0.0025267 0.0307021 0.1014175 0.0238633 0.0097248 0.0971706 0.0947200 0.0899534 0.0063960 0.0370515 0.0403862 0.0118088 0.0058077 0.0000000 0.0440018 0.0440018 0.0437424 0.0540144 0.1023633 0.0841549 0.0350210 0.0354871 0.0368601 0.0885237 0.0328680 0.0840966 0.0336765 0.0857416 0.0445842 0.0432307 0.0444598 0.0420730 0.0323325 0.0448983 0.0960530 0.0432243 0.0416866 0.0974105 0.0907965 0.0910105 0.0958345 0.0405338 0.0963557 0.0958646 0.0961510 0.1142590 0.0949505 0.0724011 0.0894101 0.0416598 0.0932358 0.0424705 0.0582428 0.0406404 0.0438883 0.1011521 0.0538584 0.0931974 0.1014767 0.0837285 0.0679411 0.1039100 0.0562671 0.0858519 0.0563049 0.0827089 0.0838019 0.1038165 0.0562469 0.0848540 0.0827692 0.0857937 0.0834306 0.1048976 0.0565520 0.0838590 0.0850806 0.0622931 0.0679411 0.0633156 0.0660376 0.0604009 0.0957848 0.0956265 0.0811137 0.0576103 0.0826571 0.0599595 0.0822544 0.0669694 0.0607822 0.0598865 0.0631032 0.0817643 0.0621602 0.0580334 0.0591586 0.0598865 0.0868677 0.0846887 0.0843142 0.0959404 0.0846973 0.1219993 0.0959404 0.0956938 0.0873286 0.0980193 0.0997626 0.0850372 0.0912862 0.0860366 0.0861003 0.0977068 0.1182912 0.0809910 0.0884278 0.0917422 0.0797856 0.0983454 0.0888841 0.0896041 0.0837132 0.0929039 0.0938822 0.0929703 0.0993987 0.0940553 0.0870311 0.0951387 0.1026851 0.0987740 0.0909784 0.0913098 0.0901185 0.0875439 0.0907015 0.0921206 0.0901660 0.0883353 0.0937798 0.0879011 0.0914981 0.0874735 0.0928023 0.0900153 0.0888068 0.0915760 0.0947760 0.0957209 0.0919644 0.0934904 0.0910441 0.0909747 0.0906039 0.0922165 0.0864190 0.0885278 0.0909465 0.0897496 0.0933445 0.0922504 0.0909569 0.0891898 0.0861686 0.0902271 0.0854860 0.0882926 0.0852271 0.0875040 0.0874952 0.0862856 0.0913456 0.0827919 0.0908191 0.0873898 0.0842208 0.0875040 0.0862156 0.0863312 0.0868448 0.0928039 0.0910767 
