201
105693_787_2375_MF780582_B_NA_NA 0.0000000 0.0180603 0.0156238 0.0170350 0.0115716 0.0156972 0.0137795 0.0117058 0.0130793 0.0159919 0.0132356 0.0162386 0.0100779 0.0116021 0.0154429 0.0058539 0.0123993 0.0178554 0.0123593 0.0108393 0.0164269 0.0101561 0.0102214 0.0097650 0.0139666 0.0108727 0.0147358 0.0132200 0.0124096 0.0094558 0.0108748 0.0101458 0.0128324 0.0116240 0.0094489 0.0138795 0.0087357 0.0124234 0.0093980 0.0180876 0.0116173 0.0093469 0.0109210 0.0124224 0.0201397 0.0143202 0.0104213 0.0167799 0.0200013 0.0143747 0.0119293 0.0112393 0.0168519 0.0173933 0.0226139 0.0168525 0.0183444 0.0134984 0.0142162 0.0184071 0.0208314 0.0159653 0.0135986 0.0151745 0.0120922 0.0167693 0.0175325 0.0261776 0.0226523 0.0175325 0.0210464 0.0144501 0.0200085 0.0235249 0.0175325 0.0218090 0.0183320 0.0227564 0.0175325 0.0218144 0.0217107 0.0225407 0.0184295 0.0150514 0.0159150 0.0183656 0.0200444 0.0202855 0.0182629 0.0183542 0.0235249 0.0199906 0.0206071 0.0253947 0.0235366 0.0199969 0.0208462 0.0208416 0.0226538 0.0208395 0.0176047 0.0225192 0.0208364 0.0183395 0.0234124 0.0184269 0.0191598 0.0222132 0.0233965 0.0175203 0.0217000 0.0191614 0.0277023 0.0296286 0.0266325 0.0275533 0.0266492 0.0322810 0.0284749 0.0275533 0.0248203 0.0266325 0.0313045 0.0275551 0.0294210 0.0294450 0.0275538 0.0275533 0.0287036 0.0275463 0.0257253 0.0257187 0.0261613 0.0303594 0.0303531 0.0275527 0.0257167 0.0243806 0.0266243 0.0284727 0.0294073 0.0275439 0.0227462 0.0323700 0.0235141 0.0303501 0.0295567 0.0283290 0.0284824 0.0266298 0.0217745 0.0265744 0.0253981 0.0327230 0.0281964 0.0275383 0.0228133 0.0275589 0.0276062 0.0275987 0.0296344 0.0284854 0.0277533 0.0277604 0.0247606 0.0266156 0.0296240 0.0294147 0.0275370 0.0266163 0.0293100 0.0286990 0.0284745 0.0284656 0.0280189 0.0277457 0.0294188 0.0328702 0.0255637 0.0275474 0.0303534 0.0284762 0.0294147 0.0303456 0.0284879 0.0303548 0.0294072 0.0303795 0.0324361 0.0313004 0.0303534 0.0294561 0.0294295 0.0285179 0.0284988 0.0290878 0.0294072 0.0290638 0.0294577 0.0285252 0.0265523 
105693_787_2375_MF780581_B_NA_NA 0.0180603 0.0000000 0.0163059 0.0179704 0.0187035 0.0147865 0.0179814 0.0154497 0.0187224 0.0181327 0.0130980 0.0188010 0.0204464 0.0222551 0.0214378 0.0171595 0.0163998 0.0171730 0.0181006 0.0196866 0.0203624 0.0154565 0.0108858 0.0193737 0.0212314 0.0178210 0.0185791 0.0189523 0.0177442 0.0130872 0.0162299 0.0170197 0.0246619 0.0170205 0.0130779 0.0231567 0.0169528 0.0130915 0.0180424 0.0197082 0.0186388 0.0117108 0.0162969 0.0146100 0.0265450 0.0201931 0.0192166 0.0226760 0.0263435 0.0201017 0.0226213 0.0200327 0.0230001 0.0272217 0.0252992 0.0245376 0.0245501 0.0244544 0.0217367 0.0226753 0.0269967 0.0219905 0.0242076 0.0246550 0.0229631 0.0209509 0.0236899 0.0304111 0.0271477 0.0236899 0.0236967 0.0236754 0.0243507 0.0280644 0.0236899 0.0262647 0.0225872 0.0272791 0.0236899 0.0262713 0.0282130 0.0291048 0.0209925 0.0226922 0.0219379 0.0245956 0.0247739 0.0246915 0.0262322 0.0245798 0.0280644 0.0243293 0.0250438 0.0281925 0.0280702 0.0225965 0.0234734 0.0252230 0.0271503 0.0272681 0.0227810 0.0251985 0.0252191 0.0225952 0.0261120 0.0244586 0.0234549 0.0267671 0.0261033 0.0236739 0.0239142 0.0217343 0.0325510 0.0345762 0.0314029 0.0323708 0.0314241 0.0373329 0.0333388 0.0323708 0.0294992 0.0314029 0.0363083 0.0323719 0.0343310 0.0343585 0.0323703 0.0323708 0.0336050 0.0323624 0.0304516 0.0304437 0.0289711 0.0353192 0.0373151 0.0304516 0.0285567 0.0289638 0.0313952 0.0314018 0.0323635 0.0323617 0.0272702 0.0383512 0.0280548 0.0353096 0.0306023 0.0312365 0.0333467 0.0314018 0.0280403 0.0313225 0.0300558 0.0387863 0.0329983 0.0323550 0.0255314 0.0323800 0.0324277 0.0304994 0.0345855 0.0314162 0.0326077 0.0326161 0.0294162 0.0313859 0.0345718 0.0343247 0.0323534 0.0313857 0.0323343 0.0336005 0.0333395 0.0333299 0.0309391 0.0325997 0.0343331 0.0350495 0.0302547 0.0323647 0.0353132 0.0333414 0.0343269 0.0353029 0.0333559 0.0353125 0.0343180 0.0353419 0.0375222 0.0363070 0.0353132 0.0343768 0.0343447 0.0333913 0.0333689 0.0340728 0.0343180 0.0340444 0.0343776 0.0334000 0.0313041 
105693_787_2375_MF780580_B_NA_NA 0.0156238 0.0163059 0.0000000 0.0189473 0.0147116 0.0189659 0.0187720 0.0100653 0.0212007 0.0174638 0.0139544 0.0163468 0.0181117 0.0196947 0.0222710 0.0147630 0.0140216 0.0196123 0.0189052 0.0172045 0.0195179 0.0188562 0.0101437 0.0193451 0.0203663 0.0169972 0.0195576 0.0231645 0.0153561 0.0108366 0.0154156 0.0162045 0.0202716 0.0178058 0.0108288 0.0222750 0.0145875 0.0138326 0.0180745 0.0222207 0.0178058 0.0139825 0.0172289 0.0123143 0.0256054 0.0193256 0.0167334 0.0184191 0.0272148 0.0209183 0.0200411 0.0175276 0.0230183 0.0245008 0.0243845 0.0210777 0.0236376 0.0218106 0.0225653 0.0200897 0.0234741 0.0211096 0.0219737 0.0237373 0.0203353 0.0176349 0.0227831 0.0294402 0.0262110 0.0227831 0.0245588 0.0210455 0.0226365 0.0271186 0.0227831 0.0253361 0.0217003 0.0263365 0.0227831 0.0253424 0.0272616 0.0281452 0.0201175 0.0200994 0.0210493 0.0236792 0.0256499 0.0237732 0.0235395 0.0236640 0.0271186 0.0234250 0.0241196 0.0272409 0.0289636 0.0217096 0.0225775 0.0243099 0.0280266 0.0263255 0.0218863 0.0242856 0.0243057 0.0200083 0.0269852 0.0218156 0.0225598 0.0267358 0.0251816 0.0227677 0.0265569 0.0225629 0.0296196 0.0335471 0.0304096 0.0313680 0.0304298 0.0342893 0.0323268 0.0313680 0.0285244 0.0304096 0.0352683 0.0313693 0.0333097 0.0333365 0.0313678 0.0313680 0.0325852 0.0313599 0.0313682 0.0294597 0.0298621 0.0342879 0.0342797 0.0313682 0.0294581 0.0280090 0.0304018 0.0323261 0.0313612 0.0313588 0.0242897 0.0352803 0.0271087 0.0342783 0.0315246 0.0321543 0.0304081 0.0304081 0.0252979 0.0303341 0.0290850 0.0347455 0.0319992 0.0313523 0.0282255 0.0313764 0.0314242 0.0314164 0.0335557 0.0323410 0.0315972 0.0316054 0.0284461 0.0303925 0.0335427 0.0333034 0.0313508 0.0303925 0.0342947 0.0325807 0.0323272 0.0323178 0.0318612 0.0315893 0.0333108 0.0369597 0.0292774 0.0313619 0.0342819 0.0323291 0.0333050 0.0342721 0.0323428 0.0342817 0.0332964 0.0343101 0.0364656 0.0352664 0.0342819 0.0333533 0.0333223 0.0333549 0.0323557 0.0330351 0.0332964 0.0330079 0.0333542 0.0323856 0.0303145 
105693_787_2375_MF780579_B_NA_NA 0.0170350 0.0179704 0.0189473 0.0000000 0.0179363 0.0172127 0.0185644 0.0148436 0.0195923 0.0143183 0.0170190 0.0212212 0.0130709 0.0163838 0.0180768 0.0161603 0.0094042 0.0130827 0.0139320 0.0204487 0.0249068 0.0195127 0.0117546 0.0194028 0.0258559 0.0205047 0.0146525 0.0232292 0.0187599 0.0124706 0.0205088 0.0196700 0.0203315 0.0213576 0.0124617 0.0237081 0.0163382 0.0171589 0.0155644 0.0222744 0.0213582 0.0108240 0.0155489 0.0139900 0.0238660 0.0210751 0.0151808 0.0193555 0.0236813 0.0192875 0.0184346 0.0159631 0.0221406 0.0224684 0.0262266 0.0219426 0.0254757 0.0201682 0.0192312 0.0184714 0.0243552 0.0177746 0.0169699 0.0238036 0.0187006 0.0201298 0.0246102 0.0299424 0.0262716 0.0246102 0.0246171 0.0219696 0.0217753 0.0271807 0.0246102 0.0253954 0.0217533 0.0263977 0.0246102 0.0254018 0.0255126 0.0263835 0.0201766 0.0218625 0.0228408 0.0255254 0.0235517 0.0256230 0.0235959 0.0255089 0.0271807 0.0200533 0.0241774 0.0273035 0.0271858 0.0217626 0.0243826 0.0243673 0.0262740 0.0282220 0.0236894 0.0261242 0.0243723 0.0234959 0.0252484 0.0201647 0.0192188 0.0249772 0.0252403 0.0245937 0.0217706 0.0209077 0.0335699 0.0336285 0.0324063 0.0314463 0.0324285 0.0363672 0.0343598 0.0314463 0.0304852 0.0324063 0.0353426 0.0333840 0.0314448 0.0334172 0.0295341 0.0333831 0.0346336 0.0333745 0.0314466 0.0314385 0.0299366 0.0343697 0.0343615 0.0314466 0.0295339 0.0280817 0.0285833 0.0324057 0.0314395 0.0314372 0.0263978 0.0373767 0.0271801 0.0343600 0.0316036 0.0322332 0.0324142 0.0304853 0.0253665 0.0304108 0.0291601 0.0377985 0.0320776 0.0314306 0.0264702 0.0314548 0.0315027 0.0314948 0.0336371 0.0324206 0.0316763 0.0316845 0.0285206 0.0304696 0.0336240 0.0333840 0.0314291 0.0304696 0.0323707 0.0307266 0.0324068 0.0304774 0.0300248 0.0316684 0.0333915 0.0370454 0.0293519 0.0314403 0.0343636 0.0324086 0.0333857 0.0343538 0.0324224 0.0343634 0.0333771 0.0343919 0.0365500 0.0353492 0.0343636 0.0334341 0.0334024 0.0324569 0.0324353 0.0321333 0.0333771 0.0321069 0.0334350 0.0324653 0.0303914 
105693_787_2375_MF780578_B_NA_NA 0.0115716 0.0187035 0.0147116 0.0179363 0.0000000 0.0132174 0.0194101 0.0138797 0.0078938 0.0166472 0.0170077 0.0204281 0.0154200 0.0154993 0.0147473 0.0123493 0.0179857 0.0187706 0.0147309 0.0178643 0.0154862 0.0153114 0.0138731 0.0149854 0.0177537 0.0130100 0.0185447 0.0185825 0.0145815 0.0115721 0.0176526 0.0122618 0.0199036 0.0137648 0.0130585 0.0195357 0.0108243 0.0177385 0.0101758 0.0187297 0.0137713 0.0130918 0.0145872 0.0145886 0.0242252 0.0181553 0.0140961 0.0207244 0.0240496 0.0198734 0.0156616 0.0149724 0.0225275 0.0216624 0.0232683 0.0208189 0.0206486 0.0141471 0.0180235 0.0207224 0.0249170 0.0182254 0.0169932 0.0174377 0.0158761 0.0190524 0.0198275 0.0286418 0.0250524 0.0198275 0.0216973 0.0167049 0.0206619 0.0259411 0.0198275 0.0241951 0.0189846 0.0251698 0.0198275 0.0242011 0.0223647 0.0231942 0.0174497 0.0157003 0.0181793 0.0206777 0.0227294 0.0209464 0.0205605 0.0206648 0.0259411 0.0206436 0.0229942 0.0260553 0.0241849 0.0223366 0.0232021 0.0231966 0.0250544 0.0231954 0.0199119 0.0249050 0.0214898 0.0206486 0.0240574 0.0190827 0.0198124 0.0220132 0.0240502 0.0181727 0.0223446 0.0231874 0.0302458 0.0284268 0.0273006 0.0282208 0.0291627 0.0310397 0.0291437 0.0282208 0.0272987 0.0273006 0.0319734 0.0282226 0.0300896 0.0301138 0.0282213 0.0282208 0.0312666 0.0282136 0.0263938 0.0263872 0.0233006 0.0310280 0.0273019 0.0282204 0.0263852 0.0250379 0.0254819 0.0272981 0.0282154 0.0263852 0.0216842 0.0311268 0.0224434 0.0272981 0.0265184 0.0289940 0.0291514 0.0272981 0.0207350 0.0272402 0.0260589 0.0333995 0.0288585 0.0263798 0.0234741 0.0263994 0.0282749 0.0264391 0.0265902 0.0273103 0.0284251 0.0284323 0.0254256 0.0254734 0.0284223 0.0300833 0.0263785 0.0254743 0.0309620 0.0293712 0.0273000 0.0272912 0.0268485 0.0265767 0.0282258 0.0316000 0.0244460 0.0282149 0.0273010 0.0291452 0.0282221 0.0291378 0.0273118 0.0291469 0.0300759 0.0291704 0.0311864 0.0282145 0.0310221 0.0273467 0.0282369 0.0282640 0.0291687 0.0288241 0.0282149 0.0288003 0.0291947 0.0291945 0.0272184 
105693_787_2375_MF780577_B_NA_NA 0.0156972 0.0147865 0.0189659 0.0172127 0.0132174 0.0000000 0.0188627 0.0180586 0.0117080 0.0175392 0.0154441 0.0198754 0.0164141 0.0166461 0.0175041 0.0148311 0.0190757 0.0198717 0.0157345 0.0190981 0.0197833 0.0147174 0.0132803 0.0137210 0.0189770 0.0140461 0.0146591 0.0181741 0.0124565 0.0109698 0.0156265 0.0164206 0.0220985 0.0148351 0.0124639 0.0189870 0.0147776 0.0109675 0.0142261 0.0156815 0.0148347 0.0109912 0.0124555 0.0171600 0.0221568 0.0177453 0.0136104 0.0201824 0.0237453 0.0176668 0.0168117 0.0159730 0.0221985 0.0246173 0.0227392 0.0202750 0.0185839 0.0185202 0.0176139 0.0201801 0.0226562 0.0194903 0.0165481 0.0186654 0.0187273 0.0201700 0.0194387 0.0254982 0.0227783 0.0194387 0.0194449 0.0194388 0.0184410 0.0236589 0.0194387 0.0219277 0.0200990 0.0209600 0.0194387 0.0219331 0.0220252 0.0228718 0.0168717 0.0185028 0.0177601 0.0203049 0.0204526 0.0221272 0.0218982 0.0202920 0.0236589 0.0193144 0.0224643 0.0273738 0.0246149 0.0184303 0.0209649 0.0209512 0.0210439 0.0228728 0.0185794 0.0226525 0.0192610 0.0201069 0.0235447 0.0202051 0.0176025 0.0223374 0.0235286 0.0211379 0.0201162 0.0176036 0.0297800 0.0298355 0.0286694 0.0277380 0.0286881 0.0325147 0.0305649 0.0277380 0.0268050 0.0286694 0.0334743 0.0296183 0.0277367 0.0277596 0.0277385 0.0296167 0.0288915 0.0296091 0.0277375 0.0277304 0.0263295 0.0286670 0.0320531 0.0258826 0.0258835 0.0227639 0.0267988 0.0286674 0.0277233 0.0277285 0.0228829 0.0315377 0.0254328 0.0305635 0.0297628 0.0266616 0.0268050 0.0249675 0.0236443 0.0249195 0.0237644 0.0318824 0.0265367 0.0277228 0.0229508 0.0277439 0.0259352 0.0277842 0.0298415 0.0286804 0.0260725 0.0260792 0.0231216 0.0267901 0.0298308 0.0277304 0.0277214 0.0267908 0.0275867 0.0270107 0.0286691 0.0286600 0.0282088 0.0279333 0.0277333 0.0311339 0.0257272 0.0258777 0.0286705 0.0267985 0.0258842 0.0286540 0.0286821 0.0286631 0.0277226 0.0286864 0.0307209 0.0296105 0.0286610 0.0259201 0.0277437 0.0268380 0.0268210 0.0273754 0.0277226 0.0273528 0.0277706 0.0268449 0.0248960 
105693_787_2375_MF780576_B_NA_NA 0.0137795 0.0179814 0.0187720 0.0185644 0.0194101 0.0188627 0.0000000 0.0162815 0.0194293 0.0191771 0.0146648 0.0193835 0.0161620 0.0194765 0.0220192 0.0144791 0.0138669 0.0227238 0.0153559 0.0202660 0.0246811 0.0195242 0.0131699 0.0200745 0.0256088 0.0154853 0.0211026 0.0213197 0.0185977 0.0123722 0.0186828 0.0194958 0.0235947 0.0211644 0.0123634 0.0234986 0.0177977 0.0154378 0.0186387 0.0204007 0.0162803 0.0122205 0.0155514 0.0170102 0.0272373 0.0208922 0.0166492 0.0216585 0.0270302 0.0207977 0.0199286 0.0174369 0.0237012 0.0239797 0.0259847 0.0252287 0.0252415 0.0216813 0.0190696 0.0233675 0.0276765 0.0244427 0.0218421 0.0253492 0.0185424 0.0216455 0.0243855 0.0315200 0.0278308 0.0243855 0.0261751 0.0243713 0.0233011 0.0287445 0.0243855 0.0269507 0.0232784 0.0279650 0.0243855 0.0269574 0.0270759 0.0279499 0.0200039 0.0216709 0.0226369 0.0252896 0.0250945 0.0253859 0.0251401 0.0252734 0.0287445 0.0232807 0.0257388 0.0270463 0.0306024 0.0232875 0.0241628 0.0259080 0.0278335 0.0279542 0.0234763 0.0258837 0.0241525 0.0232864 0.0286030 0.0234022 0.0224239 0.0256452 0.0267859 0.0243693 0.0232955 0.0224269 0.0332281 0.0332858 0.0301768 0.0292458 0.0302063 0.0340204 0.0320724 0.0292458 0.0283134 0.0301768 0.0349875 0.0311260 0.0311414 0.0292681 0.0311336 0.0311247 0.0323265 0.0311168 0.0311340 0.0311260 0.0278230 0.0320899 0.0359723 0.0292548 0.0273993 0.0278161 0.0301782 0.0301844 0.0311272 0.0311247 0.0261515 0.0369861 0.0269255 0.0340093 0.0293968 0.0300297 0.0320892 0.0301844 0.0269115 0.0301128 0.0288799 0.0373983 0.0317599 0.0311183 0.0244476 0.0311420 0.0311894 0.0293014 0.0332941 0.0301979 0.0313591 0.0313672 0.0282460 0.0301692 0.0332814 0.0330464 0.0311168 0.0301692 0.0310698 0.0323310 0.0320817 0.0320724 0.0297299 0.0313513 0.0330535 0.0346512 0.0290677 0.0311278 0.0340129 0.0320836 0.0330479 0.0340033 0.0320970 0.0340128 0.0330394 0.0340407 0.0361686 0.0349854 0.0340129 0.0330951 0.0330648 0.0321307 0.0321097 0.0327763 0.0330394 0.0327499 0.0330960 0.0321389 0.0291571 
105693_787_2375_MF780575_B_NA_NA 0.0117058 0.0154497 0.0100653 0.0148436 0.0138797 0.0180586 0.0162815 0.0000000 0.0170227 0.0165921 0.0146743 0.0170796 0.0156276 0.0171677 0.0213295 0.0124063 0.0116854 0.0170921 0.0163944 0.0163316 0.0202626 0.0171043 0.0079537 0.0184371 0.0211250 0.0130577 0.0203043 0.0222069 0.0130123 0.0086358 0.0145845 0.0169315 0.0201901 0.0185405 0.0086296 0.0230285 0.0137713 0.0145453 0.0156008 0.0229823 0.0138226 0.0131596 0.0147809 0.0115301 0.0263929 0.0200830 0.0142826 0.0208491 0.0280011 0.0199926 0.0174822 0.0150525 0.0246246 0.0200899 0.0234005 0.0243994 0.0244118 0.0208688 0.0216174 0.0191752 0.0233258 0.0201641 0.0210243 0.0210312 0.0177386 0.0191662 0.0235568 0.0302336 0.0269925 0.0235568 0.0235635 0.0201115 0.0224848 0.0279031 0.0235568 0.0261152 0.0224625 0.0271222 0.0235568 0.0261217 0.0262360 0.0271077 0.0192001 0.0208588 0.0218162 0.0244565 0.0246328 0.0245516 0.0243121 0.0244408 0.0279031 0.0224650 0.0249010 0.0280295 0.0261047 0.0224717 0.0233429 0.0250812 0.0288142 0.0271113 0.0217249 0.0250569 0.0233327 0.0224705 0.0259643 0.0208740 0.0216125 0.0239109 0.0259557 0.0235409 0.0237803 0.0233281 0.0323556 0.0324129 0.0312163 0.0302715 0.0312372 0.0351152 0.0331389 0.0302715 0.0293250 0.0312163 0.0360880 0.0321787 0.0321850 0.0322109 0.0302715 0.0321775 0.0334023 0.0321693 0.0321779 0.0302637 0.0288036 0.0331481 0.0331405 0.0302714 0.0283895 0.0269778 0.0293188 0.0312152 0.0302652 0.0302622 0.0253154 0.0361087 0.0260903 0.0331386 0.0304203 0.0310513 0.0312241 0.0293248 0.0243061 0.0292572 0.0280337 0.0355813 0.0309039 0.0302560 0.0271862 0.0302790 0.0303267 0.0303190 0.0324206 0.0312294 0.0304915 0.0304993 0.0273968 0.0293098 0.0324084 0.0302637 0.0302545 0.0293100 0.0331290 0.0295571 0.0312165 0.0312072 0.0307554 0.0304837 0.0321850 0.0357637 0.0282165 0.0302655 0.0331421 0.0312183 0.0321798 0.0331329 0.0312312 0.0331424 0.0321715 0.0331696 0.0352888 0.0341122 0.0331421 0.0322258 0.0321963 0.0322273 0.0312437 0.0318936 0.0321715 0.0318679 0.0322269 0.0312722 0.0292363 
105693_787_2375_MF780574_B_NA_NA 0.0130793 0.0187224 0.0212007 0.0195923 0.0078938 0.0117080 0.0194293 0.0170227 0.0000000 0.0199397 0.0186236 0.0221344 0.0170119 0.0124229 0.0163350 0.0154227 0.0213200 0.0187812 0.0163171 0.0195101 0.0154952 0.0153201 0.0170149 0.0126782 0.0161761 0.0100691 0.0185550 0.0154154 0.0145899 0.0146086 0.0160930 0.0153120 0.0216014 0.0122695 0.0161535 0.0195551 0.0123176 0.0146060 0.0101875 0.0171242 0.0108005 0.0131062 0.0115680 0.0145970 0.0242473 0.0181738 0.0141034 0.0224360 0.0240715 0.0182472 0.0156707 0.0165634 0.0208473 0.0233899 0.0250265 0.0225408 0.0190064 0.0173148 0.0164457 0.0224351 0.0232068 0.0198896 0.0170030 0.0174477 0.0158931 0.0207321 0.0198472 0.0268492 0.0250749 0.0198472 0.0217182 0.0167145 0.0206821 0.0259639 0.0198472 0.0242173 0.0206609 0.0251925 0.0198472 0.0242232 0.0223859 0.0232158 0.0174597 0.0173067 0.0181979 0.0206979 0.0227510 0.0226798 0.0222594 0.0206850 0.0259639 0.0206637 0.0230159 0.0278803 0.0224683 0.0223577 0.0232237 0.0232181 0.0233233 0.0232169 0.0199317 0.0249273 0.0215104 0.0206688 0.0240793 0.0207690 0.0198320 0.0229032 0.0258207 0.0181913 0.0206780 0.0215062 0.0302705 0.0303256 0.0291681 0.0282451 0.0291870 0.0329753 0.0310446 0.0282451 0.0273224 0.0291681 0.0339251 0.0301078 0.0301140 0.0301382 0.0282456 0.0301063 0.0312915 0.0300987 0.0264172 0.0282375 0.0250666 0.0291753 0.0310461 0.0282447 0.0264085 0.0250604 0.0273162 0.0291663 0.0301002 0.0282357 0.0234282 0.0311516 0.0259537 0.0291663 0.0302535 0.0290181 0.0291758 0.0273218 0.0241805 0.0272638 0.0260819 0.0334249 0.0288824 0.0282298 0.0234960 0.0282513 0.0282990 0.0282914 0.0284559 0.0291794 0.0284491 0.0284563 0.0254485 0.0273074 0.0303210 0.0301078 0.0282285 0.0273080 0.0300184 0.0275375 0.0291679 0.0291588 0.0287134 0.0284416 0.0282501 0.0316252 0.0262512 0.0282392 0.0291694 0.0291696 0.0282464 0.0310387 0.0291811 0.0310478 0.0301004 0.0310727 0.0331340 0.0301003 0.0310466 0.0282867 0.0301232 0.0292114 0.0291931 0.0297934 0.0301004 0.0297688 0.0292114 0.0292189 0.0272420 
105693_787_2375_MF780573_B_NA_NA 0.0159919 0.0181327 0.0174638 0.0143183 0.0166472 0.0175392 0.0191771 0.0165921 0.0199397 0.0000000 0.0173390 0.0200133 0.0151083 0.0151872 0.0193000 0.0151163 0.0159505 0.0217056 0.0176525 0.0143777 0.0166394 0.0198579 0.0119132 0.0180666 0.0207887 0.0157721 0.0165237 0.0201602 0.0141456 0.0096423 0.0173726 0.0149840 0.0173097 0.0165753 0.0096353 0.0209872 0.0118569 0.0141622 0.0143795 0.0226461 0.0165751 0.0127657 0.0158481 0.0141597 0.0220513 0.0163943 0.0138886 0.0171541 0.0223224 0.0147137 0.0138942 0.0126302 0.0169398 0.0197322 0.0196422 0.0223150 0.0206031 0.0155331 0.0162807 0.0204959 0.0265260 0.0176796 0.0189701 0.0206868 0.0169147 0.0204854 0.0180709 0.0244442 0.0196606 0.0180709 0.0197681 0.0197521 0.0170977 0.0205131 0.0180709 0.0188348 0.0170788 0.0197484 0.0180709 0.0188395 0.0206224 0.0214585 0.0155483 0.0171616 0.0180733 0.0189249 0.0207827 0.0207205 0.0205132 0.0189130 0.0205131 0.0170821 0.0176280 0.0201632 0.0222419 0.0170797 0.0179090 0.0179054 0.0213735 0.0232106 0.0188968 0.0229778 0.0179082 0.0187433 0.0238824 0.0171672 0.0162702 0.0204828 0.0170698 0.0180582 0.0150184 0.0179046 0.0263669 0.0264187 0.0253101 0.0244093 0.0253257 0.0290268 0.0271421 0.0244093 0.0235081 0.0253101 0.0299541 0.0262274 0.0262336 0.0262554 0.0244103 0.0262254 0.0273614 0.0262187 0.0244082 0.0244020 0.0230970 0.0253156 0.0271434 0.0244082 0.0226152 0.0213582 0.0235021 0.0253070 0.0244053 0.0243998 0.0197467 0.0299725 0.0205108 0.0271396 0.0245227 0.0251829 0.0253174 0.0235069 0.0188121 0.0234655 0.0223374 0.0302956 0.0250669 0.0243948 0.0198092 0.0226272 0.0244599 0.0244527 0.0264227 0.0253184 0.0245869 0.0245932 0.0216938 0.0234939 0.0264140 0.0262274 0.0243937 0.0234950 0.0260504 0.0255105 0.0253091 0.0253006 0.0248536 0.0245796 0.0262292 0.0295511 0.0224828 0.0244036 0.0271425 0.0253107 0.0262262 0.0271362 0.0253199 0.0271451 0.0262195 0.0271670 0.0291618 0.0280676 0.0271425 0.0262630 0.0262393 0.0253471 0.0253309 0.0258508 0.0262195 0.0258297 0.0262650 0.0253536 0.0234401 
105693_787_2375_MF780572_B_NA_NA 0.0132356 0.0130980 0.0139544 0.0170190 0.0170077 0.0154441 0.0146648 0.0146743 0.0186236 0.0173390 0.0000000 0.0196307 0.0139345 0.0189599 0.0232499 0.0146628 0.0156100 0.0213167 0.0187670 0.0197655 0.0212126 0.0138436 0.0101540 0.0151859 0.0213143 0.0178848 0.0160519 0.0172148 0.0169515 0.0123435 0.0162891 0.0170893 0.0193441 0.0187132 0.0123347 0.0255574 0.0161748 0.0138541 0.0197775 0.0203720 0.0187049 0.0123666 0.0116178 0.0138458 0.0263697 0.0200791 0.0142899 0.0199326 0.0261709 0.0207594 0.0174842 0.0157945 0.0211231 0.0260681 0.0259434 0.0217105 0.0226472 0.0208630 0.0216097 0.0233278 0.0258457 0.0201600 0.0193241 0.0227409 0.0194032 0.0182731 0.0235425 0.0314798 0.0277896 0.0235425 0.0243512 0.0225918 0.0249981 0.0287035 0.0235425 0.0269095 0.0232388 0.0279238 0.0235425 0.0269162 0.0280217 0.0289039 0.0216508 0.0208530 0.0218078 0.0244396 0.0254298 0.0253447 0.0225625 0.0244240 0.0287035 0.0249764 0.0256981 0.0288343 0.0287098 0.0215431 0.0241228 0.0258667 0.0242278 0.0252942 0.0217168 0.0258433 0.0241126 0.0215329 0.0267537 0.0233623 0.0241040 0.0256040 0.0249794 0.0235267 0.0249914 0.0206982 0.0331879 0.0332456 0.0301454 0.0330053 0.0320621 0.0359516 0.0320408 0.0330053 0.0282814 0.0301454 0.0349483 0.0310943 0.0349579 0.0330389 0.0330047 0.0310929 0.0322948 0.0310850 0.0292136 0.0292062 0.0277818 0.0339792 0.0339712 0.0292136 0.0273583 0.0277749 0.0320334 0.0301439 0.0310864 0.0310838 0.0261102 0.0349686 0.0251059 0.0339697 0.0312465 0.0299888 0.0320487 0.0301439 0.0250926 0.0300719 0.0288388 0.0353540 0.0317196 0.0310774 0.0244065 0.0311011 0.0301200 0.0292605 0.0352150 0.0301575 0.0313181 0.0313262 0.0282053 0.0301285 0.0332412 0.0330062 0.0310759 0.0301286 0.0310280 0.0322903 0.0320412 0.0320319 0.0296886 0.0332368 0.0330133 0.0346114 0.0308934 0.0310870 0.0339732 0.0320430 0.0330077 0.0339637 0.0320561 0.0339732 0.0329993 0.0340010 0.0361300 0.0349462 0.0339732 0.0330551 0.0330244 0.0320904 0.0320691 0.0327362 0.0329993 0.0327081 0.0330561 0.0320986 0.0300526 
105693_787_2375_MF780571_B_NA_NA 0.0162386 0.0188010 0.0163468 0.0212212 0.0204281 0.0198754 0.0193835 0.0170796 0.0221344 0.0200133 0.0196307 0.0000000 0.0187300 0.0184906 0.0178850 0.0169472 0.0161971 0.0218856 0.0162760 0.0130117 0.0238206 0.0205338 0.0170797 0.0246196 0.0247371 0.0147005 0.0221418 0.0241318 0.0177955 0.0131212 0.0178679 0.0186828 0.0265190 0.0186920 0.0131119 0.0178887 0.0186072 0.0146562 0.0160929 0.0197557 0.0154876 0.0130780 0.0214659 0.0194323 0.0253740 0.0202508 0.0192634 0.0233170 0.0211174 0.0218585 0.0209611 0.0184162 0.0248316 0.0197619 0.0235946 0.0263915 0.0211216 0.0227653 0.0184267 0.0210117 0.0252670 0.0226484 0.0229264 0.0195034 0.0248032 0.0227243 0.0202806 0.0267805 0.0236373 0.0202806 0.0220123 0.0219942 0.0192683 0.0245230 0.0202806 0.0227820 0.0209372 0.0237476 0.0202806 0.0227877 0.0228842 0.0237350 0.0160622 0.0193340 0.0185900 0.0211531 0.0209895 0.0218427 0.0210304 0.0211396 0.0245230 0.0209400 0.0233301 0.0246396 0.0281496 0.0192572 0.0218088 0.0217947 0.0236390 0.0219892 0.0177489 0.0235065 0.0184283 0.0192557 0.0261884 0.0191734 0.0184233 0.0188731 0.0209349 0.0219907 0.0239874 0.0200897 0.0306941 0.0288486 0.0277030 0.0286379 0.0295933 0.0314981 0.0295738 0.0286379 0.0258633 0.0277030 0.0305149 0.0286396 0.0267722 0.0268034 0.0267741 0.0286379 0.0279167 0.0286306 0.0286375 0.0267754 0.0254072 0.0277001 0.0314796 0.0249517 0.0249526 0.0218859 0.0276949 0.0258624 0.0249485 0.0267734 0.0219990 0.0286452 0.0245216 0.0277006 0.0287772 0.0257252 0.0258633 0.0222758 0.0227555 0.0240044 0.0228698 0.0289504 0.0256072 0.0267680 0.0238158 0.0267879 0.0250038 0.0268288 0.0307568 0.0277131 0.0251339 0.0251403 0.0222287 0.0258485 0.0288440 0.0267754 0.0267667 0.0258494 0.0275587 0.0260601 0.0277025 0.0276936 0.0272454 0.0288391 0.0267775 0.0301195 0.0266122 0.0249469 0.0295752 0.0258567 0.0267744 0.0276877 0.0277148 0.0276966 0.0267676 0.0277189 0.0297227 0.0305197 0.0276942 0.0268121 0.0267883 0.0268134 0.0258772 0.0264083 0.0267676 0.0263866 0.0268141 0.0259000 0.0239803 
105693_787_2375_MF780570_B_NA_NA 0.0100779 0.0204464 0.0181117 0.0130709 0.0154200 0.0164141 0.0161620 0.0156276 0.0170119 0.0151083 0.0139345 0.0187300 0.0000000 0.0139084 0.0147160 0.0138332 0.0132137 0.0220791 0.0147069 0.0162264 0.0223057 0.0153779 0.0125072 0.0136012 0.0196266 0.0147057 0.0138862 0.0171931 0.0147617 0.0117121 0.0147085 0.0139327 0.0168519 0.0170766 0.0117036 0.0211589 0.0124536 0.0147781 0.0116265 0.0189788 0.0154931 0.0130632 0.0131145 0.0163524 0.0227906 0.0167582 0.0112085 0.0193098 0.0226276 0.0168250 0.0142837 0.0151611 0.0210980 0.0191043 0.0253344 0.0210899 0.0199236 0.0159058 0.0150481 0.0193071 0.0234884 0.0184678 0.0144308 0.0193152 0.0129067 0.0176453 0.0200838 0.0290271 0.0253848 0.0200838 0.0237394 0.0185693 0.0209300 0.0262865 0.0200838 0.0245151 0.0192289 0.0255057 0.0200838 0.0245213 0.0226564 0.0234976 0.0193323 0.0175087 0.0184124 0.0209462 0.0226875 0.0229578 0.0208261 0.0209330 0.0262865 0.0209114 0.0232998 0.0264042 0.0263003 0.0209179 0.0200839 0.0235000 0.0253869 0.0234989 0.0201706 0.0217510 0.0217697 0.0192281 0.0261576 0.0193295 0.0200683 0.0214288 0.0261395 0.0200701 0.0226447 0.0200703 0.0306634 0.0307195 0.0295429 0.0267524 0.0295621 0.0334058 0.0314477 0.0267524 0.0276701 0.0295429 0.0343703 0.0304964 0.0305028 0.0305276 0.0286073 0.0304950 0.0316994 0.0304871 0.0286065 0.0285992 0.0271778 0.0314560 0.0314492 0.0286065 0.0267430 0.0253701 0.0276638 0.0276696 0.0304886 0.0285975 0.0237162 0.0315559 0.0244909 0.0295412 0.0306462 0.0275299 0.0295507 0.0258315 0.0227250 0.0276093 0.0264079 0.0318993 0.0292494 0.0285916 0.0237853 0.0286133 0.0286613 0.0286536 0.0307261 0.0295546 0.0288157 0.0288232 0.0257676 0.0276549 0.0307149 0.0304964 0.0285902 0.0276555 0.0304158 0.0297759 0.0295428 0.0295336 0.0290817 0.0288080 0.0305014 0.0340226 0.0265814 0.0286009 0.0314499 0.0295445 0.0304968 0.0314416 0.0295561 0.0314510 0.0304890 0.0314768 0.0335695 0.0324113 0.0314499 0.0305406 0.0305122 0.0295882 0.0295685 0.0301843 0.0304890 0.0301584 0.0305420 0.0295958 0.0275875 
105693_787_2375_MF780569_B_NA_NA 0.0116021 0.0222551 0.0196947 0.0163838 0.0154993 0.0166461 0.0194765 0.0171677 0.0124229 0.0151872 0.0189599 0.0184906 0.0139084 0.0000000 0.0146605 0.0154532 0.0162795 0.0170472 0.0163591 0.0122215 0.0188522 0.0188085 0.0139988 0.0152529 0.0147350 0.0131133 0.0172470 0.0172760 0.0131617 0.0116701 0.0162132 0.0123654 0.0194260 0.0123659 0.0116617 0.0179652 0.0109157 0.0116673 0.0086083 0.0190730 0.0138811 0.0131286 0.0088035 0.0147130 0.0235025 0.0184864 0.0112583 0.0200121 0.0227531 0.0202412 0.0127954 0.0136506 0.0212157 0.0198409 0.0254791 0.0212075 0.0193356 0.0128367 0.0167235 0.0211072 0.0253893 0.0191682 0.0129258 0.0161138 0.0161638 0.0210961 0.0185181 0.0269056 0.0255303 0.0185181 0.0238747 0.0170015 0.0210456 0.0264381 0.0185181 0.0246550 0.0210240 0.0256527 0.0185181 0.0246612 0.0227835 0.0236301 0.0177602 0.0176021 0.0168673 0.0193691 0.0228152 0.0202263 0.0209405 0.0193569 0.0264381 0.0193367 0.0234327 0.0283976 0.0264426 0.0227544 0.0236384 0.0236325 0.0237422 0.0236315 0.0212046 0.0253773 0.0218898 0.0210319 0.0263076 0.0175996 0.0201782 0.0251248 0.0262894 0.0201801 0.0223389 0.0218854 0.0308479 0.0309047 0.0297191 0.0287766 0.0297386 0.0336090 0.0316360 0.0287766 0.0278334 0.0297191 0.0345800 0.0306792 0.0306855 0.0307107 0.0287770 0.0306777 0.0318915 0.0306698 0.0287763 0.0287689 0.0273353 0.0316446 0.0316376 0.0287763 0.0268999 0.0255155 0.0278271 0.0297174 0.0306712 0.0287672 0.0238514 0.0337011 0.0246305 0.0316350 0.0308306 0.0276820 0.0297269 0.0278329 0.0228531 0.0277715 0.0256488 0.0340758 0.0294218 0.0287612 0.0239209 0.0287832 0.0288314 0.0288237 0.0309115 0.0297310 0.0289878 0.0289953 0.0259173 0.0278181 0.0309001 0.0306792 0.0287598 0.0278186 0.0306013 0.0280561 0.0297190 0.0297097 0.0292557 0.0289801 0.0306843 0.0342331 0.0267364 0.0287706 0.0316385 0.0297207 0.0306796 0.0316309 0.0297326 0.0316394 0.0306717 0.0316658 0.0337747 0.0326074 0.0316385 0.0307239 0.0306953 0.0297649 0.0297450 0.0303682 0.0306717 0.0303424 0.0307253 0.0297726 0.0277497 
105693_787_2375_MF780568_B_NA_NA 0.0154429 0.0214378 0.0222710 0.0180768 0.0147473 0.0175041 0.0220192 0.0213295 0.0163350 0.0193000 0.0232499 0.0178850 0.0147160 0.0146605 0.0000000 0.0178760 0.0163543 0.0155454 0.0140260 0.0154186 0.0131182 0.0180237 0.0179990 0.0177215 0.0187588 0.0154633 0.0180921 0.0197919 0.0155228 0.0139790 0.0186510 0.0162477 0.0237718 0.0146860 0.0155242 0.0188132 0.0147389 0.0171266 0.0108703 0.0166420 0.0162560 0.0154774 0.0172809 0.0203860 0.0256293 0.0193601 0.0167694 0.0202937 0.0202232 0.0228637 0.0184144 0.0193732 0.0221263 0.0243781 0.0264257 0.0238716 0.0219312 0.0184740 0.0175652 0.0202915 0.0281512 0.0211420 0.0165131 0.0186265 0.0203689 0.0202901 0.0210883 0.0278817 0.0264814 0.0210883 0.0248148 0.0195566 0.0219485 0.0273970 0.0210883 0.0255983 0.0219263 0.0266093 0.0210883 0.0256048 0.0237046 0.0245584 0.0203282 0.0201329 0.0193888 0.0219656 0.0237397 0.0240211 0.0235676 0.0219517 0.0273970 0.0202216 0.0243724 0.0275224 0.0292599 0.0236746 0.0228119 0.0245610 0.0283141 0.0245604 0.0221156 0.0245364 0.0228017 0.0219343 0.0272617 0.0203258 0.0210715 0.0251771 0.0272427 0.0210739 0.0250293 0.0245518 0.0318682 0.0319256 0.0307240 0.0297730 0.0307446 0.0346480 0.0326589 0.0297730 0.0288212 0.0307240 0.0336323 0.0316925 0.0297716 0.0317248 0.0278795 0.0316913 0.0329214 0.0316831 0.0316916 0.0297652 0.0264732 0.0326679 0.0326605 0.0278880 0.0260280 0.0264665 0.0288148 0.0269528 0.0316843 0.0297637 0.0247912 0.0327695 0.0237915 0.0307226 0.0299203 0.0286726 0.0307318 0.0269528 0.0237785 0.0287545 0.0275265 0.0311674 0.0304144 0.0297574 0.0248612 0.0297803 0.0298286 0.0279349 0.0319331 0.0288340 0.0299917 0.0299995 0.0268829 0.0288057 0.0319211 0.0316925 0.0297560 0.0288060 0.0306577 0.0309671 0.0307240 0.0307147 0.0283612 0.0299838 0.0316985 0.0332823 0.0277087 0.0297670 0.0307259 0.0307258 0.0297747 0.0326529 0.0307386 0.0326624 0.0316852 0.0326894 0.0348202 0.0316855 0.0326618 0.0298174 0.0317096 0.0317409 0.0307511 0.0313972 0.0316852 0.0313713 0.0317406 0.0307796 0.0287333 
105693_787_2375_MF780567_B_NA_NA 0.0058539 0.0171595 0.0147630 0.0161603 0.0123493 0.0148311 0.0144791 0.0124063 0.0154227 0.0151163 0.0146628 0.0169472 0.0138332 0.0154532 0.0178760 0.0000000 0.0131001 0.0185702 0.0115583 0.0146422 0.0187604 0.0124116 0.0109145 0.0136028 0.0163625 0.0146852 0.0138940 0.0171852 0.0131035 0.0072817 0.0116461 0.0139201 0.0136487 0.0154796 0.0086887 0.0161275 0.0108692 0.0131181 0.0131253 0.0195676 0.0154718 0.0100199 0.0132102 0.0131168 0.0210590 0.0167511 0.0127132 0.0175011 0.0243551 0.0135257 0.0158440 0.0119392 0.0193881 0.0165066 0.0233517 0.0175774 0.0226128 0.0175095 0.0182449 0.0191336 0.0215631 0.0184600 0.0160174 0.0192984 0.0144715 0.0174902 0.0217709 0.0287375 0.0251404 0.0217709 0.0235136 0.0151680 0.0224306 0.0260310 0.0217709 0.0242811 0.0207174 0.0252585 0.0217709 0.0242871 0.0261656 0.0270335 0.0191583 0.0191409 0.0200690 0.0226498 0.0224758 0.0227410 0.0225182 0.0226355 0.0260310 0.0224109 0.0230780 0.0261460 0.0260444 0.0207266 0.0215785 0.0232797 0.0251424 0.0252475 0.0199869 0.0232558 0.0232752 0.0207252 0.0259049 0.0208259 0.0215618 0.0229655 0.0241354 0.0217562 0.0241563 0.0198886 0.0303467 0.0323128 0.0292421 0.0301814 0.0292611 0.0350025 0.0311224 0.0301814 0.0273924 0.0292421 0.0340070 0.0301828 0.0320865 0.0321122 0.0301814 0.0301814 0.0313695 0.0301738 0.0283176 0.0283104 0.0287222 0.0330449 0.0330374 0.0301813 0.0283086 0.0269045 0.0292343 0.0311212 0.0301753 0.0301723 0.0252489 0.0359911 0.0260208 0.0330355 0.0303297 0.0309593 0.0311302 0.0292403 0.0242443 0.0291728 0.0279554 0.0344000 0.0308118 0.0301661 0.0253193 0.0301888 0.0302370 0.0302293 0.0323204 0.0311353 0.0304005 0.0304082 0.0273214 0.0292252 0.0323083 0.0320802 0.0301647 0.0292255 0.0320363 0.0313650 0.0311225 0.0311133 0.0306634 0.0303927 0.0320864 0.0356460 0.0281378 0.0301755 0.0311245 0.0311243 0.0301831 0.0330299 0.0311371 0.0330393 0.0320730 0.0330663 0.0351746 0.0320734 0.0330389 0.0302260 0.0320976 0.0311698 0.0311496 0.0317956 0.0320730 0.0317692 0.0321280 0.0311777 0.0291517 
105693_790_2375_MF780566_B_NA_NA 0.0123993 0.0163998 0.0140216 0.0094042 0.0179857 0.0190757 0.0138669 0.0116854 0.0213200 0.0159505 0.0156100 0.0161971 0.0132137 0.0162795 0.0163543 0.0131001 0.0000000 0.0129987 0.0109412 0.0170464 0.0229965 0.0180842 0.0087478 0.0194571 0.0221809 0.0170949 0.0164042 0.0232942 0.0154450 0.0094410 0.0170982 0.0162982 0.0221217 0.0179077 0.0094342 0.0237735 0.0146724 0.0123881 0.0139154 0.0223364 0.0179077 0.0108529 0.0157177 0.0123871 0.0257384 0.0194288 0.0136365 0.0211091 0.0255349 0.0210373 0.0168381 0.0160073 0.0239774 0.0208203 0.0263001 0.0220042 0.0255475 0.0202246 0.0176235 0.0185229 0.0244141 0.0212216 0.0170175 0.0238709 0.0187534 0.0201860 0.0246798 0.0295893 0.0281757 0.0246798 0.0264964 0.0228986 0.0218361 0.0291031 0.0246798 0.0272824 0.0235534 0.0283136 0.0246798 0.0272892 0.0255848 0.0264581 0.0202331 0.0219238 0.0229052 0.0255976 0.0253977 0.0256948 0.0236622 0.0255810 0.0291031 0.0218166 0.0260549 0.0292383 0.0309907 0.0235627 0.0244509 0.0244354 0.0281786 0.0283027 0.0237561 0.0261974 0.0244405 0.0235615 0.0271227 0.0202211 0.0209636 0.0259624 0.0271131 0.0246632 0.0249100 0.0226896 0.0336668 0.0337256 0.0324994 0.0315366 0.0325210 0.0364718 0.0344586 0.0315366 0.0305727 0.0324994 0.0354443 0.0334800 0.0315351 0.0335133 0.0296188 0.0334791 0.0347337 0.0334704 0.0315368 0.0315287 0.0300218 0.0344685 0.0344603 0.0315368 0.0296186 0.0281609 0.0305663 0.0324988 0.0315297 0.0315274 0.0264725 0.0374844 0.0272567 0.0344589 0.0316948 0.0318781 0.0325073 0.0305727 0.0254378 0.0304977 0.0292429 0.0379084 0.0321688 0.0315208 0.0265445 0.0315452 0.0315931 0.0315852 0.0337343 0.0325138 0.0317677 0.0317760 0.0286019 0.0305570 0.0337212 0.0334800 0.0315193 0.0305570 0.0334681 0.0327552 0.0324999 0.0324904 0.0320322 0.0317598 0.0334876 0.0371536 0.0294365 0.0315305 0.0344625 0.0325017 0.0334817 0.0344526 0.0325148 0.0344622 0.0334730 0.0344909 0.0366557 0.0354509 0.0344625 0.0335304 0.0334991 0.0325503 0.0325285 0.0332140 0.0334730 0.0331864 0.0335313 0.0325588 0.0304783 
105693_787_2375_MF780565_B_NA_NA 0.0178554 0.0171730 0.0196123 0.0130827 0.0187706 0.0198717 0.0227238 0.0170921 0.0187812 0.0217056 0.0213167 0.0218856 0.0220791 0.0170472 0.0155454 0.0185702 0.0129987 0.0000000 0.0178949 0.0178272 0.0204331 0.0222537 0.0139404 0.0219870 0.0196152 0.0195049 0.0221561 0.0241373 0.0178001 0.0162236 0.0211687 0.0186876 0.0283676 0.0154846 0.0162122 0.0211830 0.0170069 0.0162209 0.0146634 0.0197607 0.0203410 0.0115725 0.0181249 0.0131144 0.0284516 0.0219561 0.0209499 0.0236708 0.0264078 0.0253565 0.0226792 0.0217907 0.0248373 0.0233438 0.0271635 0.0245991 0.0264108 0.0245249 0.0235203 0.0244903 0.0248386 0.0220479 0.0242777 0.0247263 0.0266185 0.0210060 0.0255399 0.0286088 0.0290557 0.0255399 0.0255469 0.0194332 0.0244115 0.0281310 0.0255399 0.0281568 0.0243972 0.0291989 0.0255399 0.0281639 0.0282809 0.0291736 0.0210468 0.0245130 0.0237524 0.0264648 0.0244654 0.0265636 0.0262962 0.0264476 0.0281310 0.0243900 0.0269279 0.0301295 0.0281369 0.0261805 0.0270916 0.0252851 0.0309251 0.0291882 0.0246068 0.0288812 0.0270810 0.0244053 0.0261755 0.0227663 0.0235142 0.0296479 0.0279813 0.0255229 0.0275616 0.0270755 0.0346016 0.0366645 0.0334221 0.0344082 0.0334450 0.0394594 0.0353939 0.0344082 0.0314828 0.0334221 0.0384169 0.0344089 0.0364038 0.0364327 0.0344072 0.0344082 0.0356754 0.0343993 0.0344091 0.0324451 0.0309147 0.0374115 0.0374017 0.0324535 0.0305224 0.0309069 0.0334148 0.0334218 0.0344000 0.0343995 0.0291908 0.0404965 0.0281308 0.0374017 0.0326169 0.0332420 0.0354019 0.0334218 0.0281162 0.0333315 0.0320291 0.0409606 0.0350275 0.0343923 0.0292662 0.0344191 0.0344662 0.0325021 0.0366755 0.0334373 0.0346604 0.0346694 0.0313892 0.0334053 0.0366603 0.0363976 0.0343906 0.0334046 0.0354367 0.0336845 0.0353951 0.0353854 0.0329535 0.0346524 0.0364081 0.0381202 0.0322420 0.0344022 0.0374055 0.0353971 0.0364009 0.0373940 0.0354125 0.0374038 0.0363914 0.0374351 0.0396633 0.0384170 0.0374055 0.0364544 0.0364201 0.0364561 0.0354266 0.0351692 0.0363914 0.0351397 0.0364546 0.0354598 0.0333158 
105693_787_2375_MF780564_B_NA_NA 0.0123593 0.0181006 0.0189052 0.0139320 0.0147309 0.0157345 0.0153559 0.0163944 0.0163171 0.0176525 0.0187670 0.0162760 0.0147069 0.0163591 0.0140260 0.0115583 0.0109412 0.0178949 0.0000000 0.0171297 0.0197168 0.0148080 0.0148166 0.0142676 0.0205917 0.0171777 0.0132147 0.0194823 0.0139728 0.0109540 0.0171811 0.0179939 0.0202922 0.0163865 0.0109461 0.0152258 0.0147438 0.0155451 0.0124543 0.0138601 0.0179947 0.0123035 0.0156595 0.0171290 0.0256128 0.0193477 0.0135823 0.0201127 0.0232895 0.0173502 0.0167653 0.0143488 0.0200718 0.0190627 0.0223182 0.0182532 0.0236505 0.0184623 0.0175541 0.0165544 0.0260722 0.0211284 0.0130774 0.0166992 0.0167513 0.0181625 0.0227982 0.0298698 0.0262164 0.0227982 0.0245691 0.0193741 0.0217397 0.0271211 0.0227982 0.0253441 0.0217178 0.0263415 0.0227982 0.0253504 0.0254606 0.0263274 0.0184704 0.0218174 0.0210683 0.0236919 0.0235086 0.0237857 0.0253124 0.0236768 0.0271211 0.0217204 0.0241312 0.0272430 0.0289597 0.0217270 0.0225929 0.0243209 0.0262187 0.0263305 0.0219034 0.0242966 0.0225828 0.0217257 0.0269881 0.0201351 0.0208731 0.0240252 0.0251900 0.0227827 0.0234624 0.0208754 0.0273242 0.0292216 0.0280878 0.0253796 0.0262881 0.0318367 0.0299353 0.0253796 0.0262702 0.0280878 0.0308655 0.0290131 0.0253784 0.0290428 0.0236039 0.0290115 0.0301722 0.0290042 0.0271788 0.0271719 0.0280155 0.0299428 0.0299367 0.0271788 0.0253703 0.0262016 0.0262641 0.0280856 0.0271744 0.0271701 0.0245459 0.0327905 0.0253196 0.0299337 0.0273074 0.0302411 0.0280953 0.0262694 0.0235468 0.0284570 0.0272470 0.0331458 0.0282436 0.0271645 0.0246157 0.0271847 0.0295163 0.0295086 0.0292271 0.0280981 0.0273734 0.0273803 0.0266097 0.0262555 0.0315797 0.0290131 0.0271632 0.0262563 0.0289002 0.0283058 0.0280874 0.0280785 0.0299405 0.0273658 0.0290169 0.0324102 0.0274250 0.0294556 0.0323123 0.0304019 0.0313568 0.0323036 0.0304143 0.0323130 0.0313487 0.0323395 0.0344403 0.0332758 0.0323123 0.0314015 0.0313728 0.0304465 0.0304266 0.0300898 0.0313487 0.0300649 0.0314028 0.0304543 0.0284358 
