181
105692_787_2376_MF779647_B_NA_NA 0.0000000 0.0247879 0.0193796 0.0249007 0.0226610 0.0171261 0.0203721 0.0282141 0.0282847 0.0197696 0.0240216 0.0182460 0.0212465 0.0181959 0.0185304 0.0214111 0.0205890 0.0276322 0.0187228 0.0181959 0.0100632 0.0214794 0.0207681 0.0231861 0.0181104 0.0115329 0.0204301 0.0146921 0.0190694 0.0218168 0.0147675 0.0219137 0.0218672 0.0079286 0.0201431 0.0058857 0.0109775 0.0254129 0.0173424 0.0178417 0.0162988 0.0195647 0.0129757 0.0243302 0.0162986 0.0100697 0.0079890 0.0132708 0.0154850 0.0196144 0.0133403 0.0180594 0.0205741 0.0204264 0.0169063 0.0100711 0.0066563 0.0095533 0.0147228 0.0116590 0.0154067 0.0164755 0.0108299 0.0148712 0.0192176 0.0162308 0.0150536 0.0208431 0.0139286 0.0154939 0.0116252 0.0132091 0.0138229 0.0131464 0.0146535 0.0157437 0.0161772 0.0116242 0.0132073 0.0178456 0.0131739 0.0137810 0.0139026 0.0155358 0.0146153 0.0161787 0.0163164 0.0117784 0.0167326 0.0187319 0.0163164 0.0124290 0.0178240 0.0163527 0.0108667 0.0163140 0.0155777 0.0119538 0.0132440 0.0123339 0.0146146 0.0163527 0.0124246 0.0116925 0.0162187 0.0146794 0.0163014 0.0139250 0.0147196 0.0124246 0.0139249 0.0154573 0.0139249 0.0154592 0.0179052 0.0132165 0.0139225 0.0139725 0.0155281 0.0154496 0.0131847 0.0154565 0.0139323 0.0140006 0.0147295 0.0140352 0.0132421 0.0132421 0.0140006 0.0132200 0.0132515 0.0140000 0.0124628 0.0147374 0.0132107 0.0140081 0.0139669 0.0178372 0.0139669 0.0140339 0.0139982 0.0204343 0.0195947 0.0196091 0.0204064 0.0195982 0.0196486 0.0212879 0.0228873 0.0187893 0.0195966 0.0179882 0.0221775 0.0230115 0.0221775 0.0213436 0.0213436 0.0221775 0.0226064 0.0196244 0.0204083 0.0221151 0.0227433 0.0204214 0.0212856 0.0217726 0.0212302 0.0226083 0.0230157 0.0238542 0.0256524 0.0248993 0.0248993 0.0257547 0.0237878 0.0248217 0.0246357 0.0229462 0.0238032 0.0237878 0.0256798 
105692_787_2376_MF779646_B_NA_NA 0.0247879 0.0000000 0.0269398 0.0188397 0.0196164 0.0194049 0.0153512 0.0234285 0.0233145 0.0169017 0.0219675 0.0146660 0.0179861 0.0147028 0.0263886 0.0216702 0.0208617 0.0194516 0.0147119 0.0147028 0.0221292 0.0123160 0.0178271 0.0153156 0.0137669 0.0238712 0.0223215 0.0239165 0.0145924 0.0227269 0.0162938 0.0211782 0.0187339 0.0247296 0.0202953 0.0206062 0.0210395 0.0170764 0.0182187 0.0109175 0.0194363 0.0215662 0.0274120 0.0222741 0.0193601 0.0239621 0.0195669 0.0185252 0.0164130 0.0186022 0.0122532 0.0137717 0.0176695 0.0160021 0.0169893 0.0229447 0.0162674 0.0218013 0.0211158 0.0188138 0.0195186 0.0130907 0.0248712 0.0225886 0.0213413 0.0186645 0.0191775 0.0207011 0.0147546 0.0202630 0.0202606 0.0214015 0.0211326 0.0170402 0.0246782 0.0160026 0.0186013 0.0203895 0.0213996 0.0203289 0.0124128 0.0229720 0.0238387 0.0169876 0.0203770 0.0187207 0.0219236 0.0187001 0.0214680 0.0244974 0.0219236 0.0177718 0.0209336 0.0236451 0.0195025 0.0219174 0.0228108 0.0199999 0.0186670 0.0195063 0.0220179 0.0236451 0.0162037 0.0162166 0.0201576 0.0169788 0.0202663 0.0162057 0.0186059 0.0162037 0.0177674 0.0193666 0.0177674 0.0177804 0.0219348 0.0170437 0.0162028 0.0178315 0.0178626 0.0193563 0.0169995 0.0193651 0.0177771 0.0188693 0.0196304 0.0189196 0.0180628 0.0180628 0.0188693 0.0180291 0.0180761 0.0188679 0.0188198 0.0196414 0.0180159 0.0188798 0.0188198 0.0229306 0.0188198 0.0189176 0.0188659 0.0257459 0.0248483 0.0248662 0.0257104 0.0248529 0.0249206 0.0266620 0.0283447 0.0239928 0.0248499 0.0248500 0.0276225 0.0267324 0.0276225 0.0267359 0.0267359 0.0276225 0.0280738 0.0248855 0.0257120 0.0275406 0.0283510 0.0257290 0.0266591 0.0271902 0.0265857 0.0280752 0.0285121 0.0294016 0.0313307 0.0305382 0.0305382 0.0314435 0.0293146 0.0304375 0.0302139 0.0284217 0.0293341 0.0293145 0.0313479 
105692_787_2376_MF779645_B_NA_NA 0.0193796 0.0269398 0.0000000 0.0274531 0.0198228 0.0212371 0.0209680 0.0270536 0.0253970 0.0186612 0.0256106 0.0187552 0.0238430 0.0204211 0.0177350 0.0202623 0.0194605 0.0253527 0.0229048 0.0204211 0.0153774 0.0203238 0.0212548 0.0216352 0.0203286 0.0169644 0.0146477 0.0170073 0.0179702 0.0175199 0.0203818 0.0223815 0.0197801 0.0193357 0.0165322 0.0170180 0.0196236 0.0262291 0.0178814 0.0183466 0.0203614 0.0201628 0.0218286 0.0249190 0.0252554 0.0202033 0.0176101 0.0219701 0.0145672 0.0209563 0.0154987 0.0235842 0.0162944 0.0243510 0.0209623 0.0170227 0.0161946 0.0165987 0.0201185 0.0204712 0.0160240 0.0185700 0.0194809 0.0228133 0.0267848 0.0184132 0.0172262 0.0213483 0.0172771 0.0227133 0.0153058 0.0239009 0.0208530 0.0152761 0.0272348 0.0147340 0.0167948 0.0153045 0.0238992 0.0184643 0.0122413 0.0192851 0.0263810 0.0160784 0.0237277 0.0218654 0.0219596 0.0171421 0.0224244 0.0241874 0.0219596 0.0178011 0.0252207 0.0220120 0.0145795 0.0219536 0.0211894 0.0224596 0.0203112 0.0228152 0.0254222 0.0220120 0.0193843 0.0185997 0.0234718 0.0218126 0.0218186 0.0193859 0.0201355 0.0193843 0.0210013 0.0226565 0.0210013 0.0226584 0.0253242 0.0202657 0.0209976 0.0210802 0.0211172 0.0226439 0.0194035 0.0226543 0.0210130 0.0220683 0.0246611 0.0221288 0.0212395 0.0212395 0.0220683 0.0229819 0.0212553 0.0220662 0.0221306 0.0246753 0.0229647 0.0220808 0.0238095 0.0281230 0.0238095 0.0221264 0.0220643 0.0311318 0.0301852 0.0302065 0.0310890 0.0301909 0.0302763 0.0321017 0.0338486 0.0292882 0.0301863 0.0301864 0.0331235 0.0321928 0.0331235 0.0321936 0.0321936 0.0331235 0.0335820 0.0302304 0.0310901 0.0330222 0.0340153 0.0311109 0.0320979 0.0326574 0.0320065 0.0335827 0.0340546 0.0349853 0.0351205 0.0343055 0.0343055 0.0352368 0.0330159 0.0341896 0.0339436 0.0320947 0.0330382 0.0330158 0.0351287 
105692_787_2376_MF779644_B_NA_NA 0.0249007 0.0188397 0.0274531 0.0000000 0.0216750 0.0162460 0.0170719 0.0246214 0.0237973 0.0188411 0.0211328 0.0205653 0.0162489 0.0157165 0.0240545 0.0213777 0.0205593 0.0213739 0.0147147 0.0157165 0.0205800 0.0154840 0.0164254 0.0172171 0.0140986 0.0222966 0.0227583 0.0216137 0.0149108 0.0248741 0.0154473 0.0205615 0.0208915 0.0231434 0.0225106 0.0207069 0.0195157 0.0161376 0.0221457 0.0190975 0.0169789 0.0219918 0.0248100 0.0225155 0.0228541 0.0223797 0.0216252 0.0163396 0.0167569 0.0241000 0.0141041 0.0172660 0.0180302 0.0164313 0.0155197 0.0204575 0.0182042 0.0202358 0.0222804 0.0206722 0.0198094 0.0155996 0.0223716 0.0220929 0.0226457 0.0224906 0.0212272 0.0246608 0.0183534 0.0197516 0.0208062 0.0189358 0.0241345 0.0191194 0.0221392 0.0180132 0.0224105 0.0208045 0.0189339 0.0242605 0.0158490 0.0214118 0.0213185 0.0207061 0.0196913 0.0188130 0.0242196 0.0208593 0.0227846 0.0259060 0.0242196 0.0189677 0.0222251 0.0250288 0.0207569 0.0242113 0.0241699 0.0175770 0.0198975 0.0188218 0.0213326 0.0250288 0.0173518 0.0173665 0.0197770 0.0181501 0.0197768 0.0173538 0.0198300 0.0173518 0.0173537 0.0189749 0.0198755 0.0189769 0.0232618 0.0182219 0.0198719 0.0190336 0.0190678 0.0189647 0.0174606 0.0206090 0.0189738 0.0174647 0.0182261 0.0191381 0.0182708 0.0182708 0.0190868 0.0182363 0.0182844 0.0190853 0.0190361 0.0198673 0.0182228 0.0190975 0.0174193 0.0215121 0.0190361 0.0191361 0.0190833 0.0242999 0.0234077 0.0234249 0.0242661 0.0234121 0.0234756 0.0252095 0.0268890 0.0225559 0.0234094 0.0234095 0.0261617 0.0252761 0.0261617 0.0252791 0.0252791 0.0261617 0.0266124 0.0234430 0.0242679 0.0260842 0.0268537 0.0242839 0.0252067 0.0257330 0.0251375 0.0266140 0.0270476 0.0279335 0.0298490 0.0290585 0.0290585 0.0299606 0.0278512 0.0289630 0.0287468 0.0269620 0.0278698 0.0278511 0.0298695 
105692_787_2376_MF779642_B_NA_NA 0.0226610 0.0196164 0.0198228 0.0216750 0.0000000 0.0173518 0.0155746 0.0177144 0.0230488 0.0164369 0.0082882 0.0132091 0.0147480 0.0132406 0.0189572 0.0131472 0.0124039 0.0187156 0.0157799 0.0132406 0.0216965 0.0133920 0.0173657 0.0180793 0.0149203 0.0234481 0.0155348 0.0166172 0.0080979 0.0223018 0.0134267 0.0240868 0.0191245 0.0226074 0.0143135 0.0201601 0.0189720 0.0188021 0.0150046 0.0182585 0.0165136 0.0179225 0.0252560 0.0242675 0.0229242 0.0218388 0.0207595 0.0196831 0.0175300 0.0239617 0.0118182 0.0180341 0.0156482 0.0171921 0.0165225 0.0208408 0.0173749 0.0197807 0.0197721 0.0217987 0.0223689 0.0163528 0.0227859 0.0205111 0.0227148 0.0232978 0.0220265 0.0254824 0.0207819 0.0214700 0.0183167 0.0226478 0.0225072 0.0182785 0.0259927 0.0125693 0.0215390 0.0167095 0.0226460 0.0233670 0.0150433 0.0242431 0.0251359 0.0198503 0.0234257 0.0215412 0.0216352 0.0199978 0.0195124 0.0277387 0.0216352 0.0174211 0.0239848 0.0233810 0.0191770 0.0233168 0.0225346 0.0212076 0.0199647 0.0225026 0.0251412 0.0233810 0.0190264 0.0182307 0.0231686 0.0214876 0.0233004 0.0190284 0.0215521 0.0190264 0.0206654 0.0223425 0.0206654 0.0206807 0.0250439 0.0199185 0.0206617 0.0207441 0.0207818 0.0206673 0.0182373 0.0223403 0.0206771 0.0218668 0.0218063 0.0219269 0.0210212 0.0210212 0.0218668 0.0209795 0.0210372 0.0218647 0.0201313 0.0226688 0.0209636 0.0218784 0.0218063 0.0261082 0.0218063 0.0219246 0.0218627 0.0290866 0.0281450 0.0281654 0.0290460 0.0281504 0.0282302 0.0300497 0.0317963 0.0272507 0.0281464 0.0281465 0.0310624 0.0319845 0.0310624 0.0301360 0.0301360 0.0310624 0.0315256 0.0281879 0.0290473 0.0309671 0.0319041 0.0290670 0.0300462 0.0306041 0.0299605 0.0315266 0.0319905 0.0329181 0.0349421 0.0341187 0.0341187 0.0350606 0.0328170 0.0340022 0.0337544 0.0318858 0.0317729 0.0328168 0.0349509 
105692_787_2376_MF779641_B_NA_NA 0.0171261 0.0194049 0.0212371 0.0162460 0.0173518 0.0000000 0.0138104 0.0210082 0.0209247 0.0147138 0.0177201 0.0163325 0.0130315 0.0102151 0.0203610 0.0178163 0.0170330 0.0203016 0.0107762 0.0102151 0.0147197 0.0162995 0.0155250 0.0162212 0.0101635 0.0163031 0.0168999 0.0180095 0.0109750 0.0237367 0.0100394 0.0221672 0.0165959 0.0186706 0.0165574 0.0148030 0.0137790 0.0167839 0.0192621 0.0180556 0.0114677 0.0145650 0.0195307 0.0173931 0.0193197 0.0163569 0.0172124 0.0131003 0.0156739 0.0213095 0.0116777 0.0178359 0.0154710 0.0170019 0.0115267 0.0154605 0.0139995 0.0151291 0.0147501 0.0147682 0.0156095 0.0116449 0.0172135 0.0154513 0.0207065 0.0197408 0.0169130 0.0201715 0.0173205 0.0163202 0.0164344 0.0155402 0.0204954 0.0164880 0.0186079 0.0124213 0.0196724 0.0148772 0.0155383 0.0197981 0.0133390 0.0187214 0.0178223 0.0180216 0.0162728 0.0146839 0.0180334 0.0164738 0.0175851 0.0221753 0.0180334 0.0140346 0.0186850 0.0196924 0.0172643 0.0180299 0.0188839 0.0142479 0.0148801 0.0154533 0.0178418 0.0196924 0.0140296 0.0132797 0.0163475 0.0163427 0.0180162 0.0140315 0.0163887 0.0140296 0.0155689 0.0155786 0.0140315 0.0155805 0.0196619 0.0148482 0.0155662 0.0156239 0.0156507 0.0155708 0.0132843 0.0171411 0.0155773 0.0141085 0.0148441 0.0141428 0.0133428 0.0133428 0.0141085 0.0133203 0.0133524 0.0141079 0.0125561 0.0148521 0.0133108 0.0141161 0.0140742 0.0179818 0.0140742 0.0141414 0.0141060 0.0206092 0.0197604 0.0197750 0.0205807 0.0197640 0.0198153 0.0214721 0.0230886 0.0189465 0.0197623 0.0197623 0.0223720 0.0232152 0.0223720 0.0215290 0.0215290 0.0223720 0.0228056 0.0197902 0.0205827 0.0223084 0.0229485 0.0205959 0.0214699 0.0219627 0.0214134 0.0228074 0.0232194 0.0240672 0.0258864 0.0251250 0.0251250 0.0256451 0.0239995 0.0250459 0.0248568 0.0231486 0.0240152 0.0239994 0.0255697 
105692_787_2376_MF779640_B_NA_NA 0.0203721 0.0153512 0.0209680 0.0170719 0.0155746 0.0138104 0.0000000 0.0130308 0.0184675 0.0145329 0.0161743 0.0146017 0.0073485 0.0115906 0.0204083 0.0175944 0.0168215 0.0124214 0.0138164 0.0115906 0.0147635 0.0073078 0.0169564 0.0138851 0.0108617 0.0163487 0.0182358 0.0196632 0.0102215 0.0201661 0.0086985 0.0162173 0.0156814 0.0219595 0.0172098 0.0163992 0.0153331 0.0123631 0.0190039 0.0155642 0.0130320 0.0114488 0.0195778 0.0126122 0.0144629 0.0179791 0.0169974 0.0115328 0.0124560 0.0187086 0.0094247 0.0153708 0.0137737 0.0145717 0.0130375 0.0155041 0.0138274 0.0151735 0.0115924 0.0141135 0.0154930 0.0086457 0.0172593 0.0152595 0.0150141 0.0171827 0.0151392 0.0191886 0.0148433 0.0130803 0.0155306 0.0140447 0.0163492 0.0140456 0.0170694 0.0130720 0.0155659 0.0131795 0.0140429 0.0188244 0.0110083 0.0187675 0.0162953 0.0155292 0.0140754 0.0147277 0.0186815 0.0155670 0.0150953 0.0179328 0.0186815 0.0116869 0.0146483 0.0171355 0.0117760 0.0155364 0.0179299 0.0127716 0.0139996 0.0148003 0.0156140 0.0171355 0.0102205 0.0102284 0.0139238 0.0124215 0.0139923 0.0116845 0.0124545 0.0102205 0.0116845 0.0131790 0.0131722 0.0131808 0.0155582 0.0109853 0.0131700 0.0117231 0.0132374 0.0131727 0.0139373 0.0131785 0.0116906 0.0157012 0.0164453 0.0157414 0.0149218 0.0149218 0.0157012 0.0148955 0.0149326 0.0157004 0.0156619 0.0164544 0.0148858 0.0157098 0.0156619 0.0196366 0.0156619 0.0157399 0.0156984 0.0223232 0.0214593 0.0214750 0.0222925 0.0214632 0.0215198 0.0232026 0.0248385 0.0206324 0.0214611 0.0214612 0.0241211 0.0232632 0.0241211 0.0232650 0.0232650 0.0241211 0.0245612 0.0214915 0.0222944 0.0240516 0.0247465 0.0223088 0.0232001 0.0237062 0.0231382 0.0245629 0.0249812 0.0258412 0.0276931 0.0269233 0.0269233 0.0277999 0.0257674 0.0268373 0.0266369 0.0249041 0.0257843 0.0257673 0.0277174 
105692_787_2376_MF779639_B_NA_NA 0.0282141 0.0234285 0.0270536 0.0246214 0.0177144 0.0210082 0.0130308 0.0000000 0.0234452 0.0217715 0.0167679 0.0235402 0.0122462 0.0167698 0.0265019 0.0250836 0.0242481 0.0101601 0.0210196 0.0167698 0.0254699 0.0146411 0.0244638 0.0218658 0.0138816 0.0272651 0.0240699 0.0257325 0.0147580 0.0245065 0.0185669 0.0203619 0.0229660 0.0264101 0.0229103 0.0239276 0.0210250 0.0146657 0.0271563 0.0220652 0.0217613 0.0215498 0.0273691 0.0229867 0.0249874 0.0256410 0.0262057 0.0201141 0.0195852 0.0279178 0.0154093 0.0234612 0.0193398 0.0225660 0.0201534 0.0229226 0.0226768 0.0219096 0.0218278 0.0222149 0.0262863 0.0200567 0.0248965 0.0225682 0.0231181 0.0272565 0.0242433 0.0295125 0.0246737 0.0202511 0.0220174 0.0230553 0.0245948 0.0220916 0.0246496 0.0193253 0.0237433 0.0203774 0.0230535 0.0273383 0.0187545 0.0282306 0.0238135 0.0237071 0.0238238 0.0254396 0.0254193 0.0237424 0.0215932 0.0280948 0.0254193 0.0178788 0.0243740 0.0254828 0.0196173 0.0254100 0.0246319 0.0216289 0.0203975 0.0229086 0.0255226 0.0254828 0.0194671 0.0186800 0.0235655 0.0219016 0.0236985 0.0194690 0.0219668 0.0194671 0.0210889 0.0227481 0.0227330 0.0211033 0.0254240 0.0203506 0.0227289 0.0211676 0.0212058 0.0227353 0.0202960 0.0227458 0.0211007 0.0239721 0.0247588 0.0240393 0.0231224 0.0231224 0.0239721 0.0230757 0.0231399 0.0239695 0.0222223 0.0247730 0.0230584 0.0236458 0.0239052 0.0282274 0.0239052 0.0240367 0.0239677 0.0312422 0.0302941 0.0303154 0.0311993 0.0302998 0.0303856 0.0322136 0.0339624 0.0293956 0.0302951 0.0302952 0.0332371 0.0323052 0.0332371 0.0323060 0.0323060 0.0332371 0.0336958 0.0303394 0.0312003 0.0331354 0.0341326 0.0312212 0.0322098 0.0327705 0.0321181 0.0336964 0.0341693 0.0351010 0.0371424 0.0363160 0.0363160 0.0372612 0.0349932 0.0361917 0.0359348 0.0340578 0.0350169 0.0349930 0.0371453 
105692_787_2376_MF779638_B_NA_NA 0.0282847 0.0233145 0.0253970 0.0237973 0.0230488 0.0209247 0.0184675 0.0234452 0.0000000 0.0201785 0.0240128 0.0228428 0.0211177 0.0178150 0.0283112 0.0218049 0.0209902 0.0201747 0.0193263 0.0178150 0.0221463 0.0169463 0.0227014 0.0165140 0.0152419 0.0238901 0.0208310 0.0275323 0.0176837 0.0212135 0.0177819 0.0213106 0.0179629 0.0264695 0.0179228 0.0239731 0.0194343 0.0219108 0.0263075 0.0219548 0.0177647 0.0183866 0.0292008 0.0239557 0.0242919 0.0256962 0.0245540 0.0184417 0.0140322 0.0226968 0.0138108 0.0184823 0.0177743 0.0192240 0.0201796 0.0246538 0.0210675 0.0209079 0.0195092 0.0187285 0.0211600 0.0177777 0.0266843 0.0242737 0.0213573 0.0220410 0.0242894 0.0243741 0.0208643 0.0219191 0.0202758 0.0230956 0.0211486 0.0171403 0.0264241 0.0176482 0.0219633 0.0204049 0.0230938 0.0218637 0.0155204 0.0265472 0.0255714 0.0202884 0.0220367 0.0237892 0.0236062 0.0203252 0.0198495 0.0241662 0.0236062 0.0177850 0.0208364 0.0201300 0.0195171 0.0219342 0.0209421 0.0216622 0.0219322 0.0227951 0.0237043 0.0201300 0.0177787 0.0177930 0.0217991 0.0201672 0.0219183 0.0193689 0.0202260 0.0177787 0.0193689 0.0209960 0.0193689 0.0209979 0.0236138 0.0186391 0.0193655 0.0194403 0.0161354 0.0193704 0.0201925 0.0209941 0.0193796 0.0221715 0.0229485 0.0222326 0.0213377 0.0213377 0.0221715 0.0212958 0.0213537 0.0221693 0.0221109 0.0229616 0.0212800 0.0221841 0.0221109 0.0263554 0.0221109 0.0222302 0.0221674 0.0285310 0.0283682 0.0283884 0.0292578 0.0283735 0.0284529 0.0302497 0.0311952 0.0274853 0.0283695 0.0283696 0.0284930 0.0293806 0.0284930 0.0276027 0.0276027 0.0284930 0.0292916 0.0266860 0.0284930 0.0284084 0.0283280 0.0285120 0.0294732 0.0284030 0.0293904 0.0292928 0.0293860 0.0302787 0.0295955 0.0284114 0.0284114 0.0305025 0.0284030 0.0295099 0.0292927 0.0275196 0.0284218 0.0284029 0.0304104 
105692_787_2376_MF779637_B_NA_NA 0.0197696 0.0169017 0.0186612 0.0188411 0.0164369 0.0147138 0.0145329 0.0217715 0.0201785 0.0000000 0.0186693 0.0139214 0.0187039 0.0139548 0.0180936 0.0109003 0.0101770 0.0162980 0.0132052 0.0139548 0.0156932 0.0109276 0.0147239 0.0138936 0.0123897 0.0173104 0.0130045 0.0157770 0.0116889 0.0178725 0.0124308 0.0163877 0.0139286 0.0213621 0.0066568 0.0173662 0.0147255 0.0193722 0.0165947 0.0155741 0.0109460 0.0168219 0.0222606 0.0181429 0.0169172 0.0189765 0.0163904 0.0138899 0.0140339 0.0140418 0.0108703 0.0153805 0.0131000 0.0161058 0.0124247 0.0180338 0.0132157 0.0185777 0.0154847 0.0173304 0.0148061 0.0094047 0.0198752 0.0161891 0.0198458 0.0140866 0.0129145 0.0192021 0.0133241 0.0155089 0.0171850 0.0165374 0.0180269 0.0140543 0.0196616 0.0116016 0.0155770 0.0171836 0.0165355 0.0172419 0.0095565 0.0180643 0.0188616 0.0140052 0.0172810 0.0140432 0.0187930 0.0172255 0.0183449 0.0196528 0.0187930 0.0147695 0.0162766 0.0204623 0.0164382 0.0187895 0.0212886 0.0152195 0.0171919 0.0180238 0.0188799 0.0204623 0.0132436 0.0132541 0.0155353 0.0155317 0.0171830 0.0147662 0.0155749 0.0132436 0.0132441 0.0147742 0.0147662 0.0163238 0.0188100 0.0140503 0.0147636 0.0148176 0.0163980 0.0147669 0.0155505 0.0163209 0.0147741 0.0173799 0.0181370 0.0174256 0.0165820 0.0165820 0.0173799 0.0165517 0.0165942 0.0173788 0.0173351 0.0181472 0.0165397 0.0173896 0.0173351 0.0214027 0.0173351 0.0174238 0.0173768 0.0241716 0.0232852 0.0233022 0.0241381 0.0232895 0.0233524 0.0250750 0.0267438 0.0224389 0.0232870 0.0232871 0.0260205 0.0268956 0.0260205 0.0251438 0.0251438 0.0260205 0.0264692 0.0233202 0.0241398 0.0259439 0.0267046 0.0241557 0.0250722 0.0255948 0.0250038 0.0264708 0.0269006 0.0277805 0.0296828 0.0288974 0.0288974 0.0297935 0.0276993 0.0288030 0.0285889 0.0268159 0.0277176 0.0276992 0.0297035 
105692_787_2376_MF779636_B_NA_NA 0.0240216 0.0219675 0.0256106 0.0211328 0.0082882 0.0177201 0.0161743 0.0167679 0.0240128 0.0186693 0.0000000 0.0184782 0.0135576 0.0153424 0.0226276 0.0183836 0.0175879 0.0210229 0.0161360 0.0153424 0.0230354 0.0130930 0.0196524 0.0195587 0.0171078 0.0248157 0.0193328 0.0194853 0.0114699 0.0247576 0.0137601 0.0256129 0.0214869 0.0239646 0.0197642 0.0214841 0.0202579 0.0191776 0.0190280 0.0189262 0.0184729 0.0202020 0.0249084 0.0233350 0.0253899 0.0231892 0.0249006 0.0203758 0.0198335 0.0247379 0.0138714 0.0203335 0.0178505 0.0194550 0.0168836 0.0204933 0.0213282 0.0180529 0.0204684 0.0214496 0.0248335 0.0185768 0.0224372 0.0194363 0.0234722 0.0258027 0.0244889 0.0250843 0.0232046 0.0205194 0.0223403 0.0206104 0.0232633 0.0189476 0.0222016 0.0162316 0.0239781 0.0206508 0.0206085 0.0243417 0.0172445 0.0238963 0.0213683 0.0222349 0.0221333 0.0219368 0.0258406 0.0223988 0.0202139 0.0285885 0.0258406 0.0180713 0.0232551 0.0243606 0.0215493 0.0258307 0.0235044 0.0192001 0.0206727 0.0204812 0.0238333 0.0243606 0.0197105 0.0188992 0.0239326 0.0222203 0.0240714 0.0197125 0.0222883 0.0197105 0.0213824 0.0230919 0.0230761 0.0213984 0.0258444 0.0206237 0.0230718 0.0214656 0.0200612 0.0213845 0.0205654 0.0230894 0.0213951 0.0204440 0.0212229 0.0205001 0.0196130 0.0196130 0.0204440 0.0195750 0.0196278 0.0204422 0.0187418 0.0212351 0.0195603 0.0204556 0.0203885 0.0246133 0.0203885 0.0204979 0.0204402 0.0266334 0.0265963 0.0266156 0.0274796 0.0266014 0.0266755 0.0284591 0.0301753 0.0257193 0.0265978 0.0265979 0.0278279 0.0287148 0.0278279 0.0269384 0.0269384 0.0278279 0.0268536 0.0251545 0.0274811 0.0277450 0.0285636 0.0274995 0.0284559 0.0259790 0.0283760 0.0268551 0.0287201 0.0296120 0.0315466 0.0307525 0.0307525 0.0316598 0.0295241 0.0306509 0.0304257 0.0286288 0.0285223 0.0295241 0.0315633 
105692_787_2376_MF779635_B_NA_NA 0.0182460 0.0146660 0.0187552 0.0205653 0.0132091 0.0163325 0.0146017 0.0235402 0.0228428 0.0139214 0.0184782 0.0000000 0.0172068 0.0109711 0.0163404 0.0122325 0.0115043 0.0211746 0.0163404 0.0109711 0.0189556 0.0147911 0.0147958 0.0163420 0.0132624 0.0206425 0.0145648 0.0137037 0.0094437 0.0211880 0.0139959 0.0209475 0.0134464 0.0198275 0.0134841 0.0158638 0.0163465 0.0194715 0.0147867 0.0148713 0.0139841 0.0184688 0.0223809 0.0198391 0.0169999 0.0190751 0.0164709 0.0170407 0.0165006 0.0213452 0.0102443 0.0163034 0.0146709 0.0170386 0.0155219 0.0181257 0.0132776 0.0178495 0.0171214 0.0183073 0.0196194 0.0123559 0.0199801 0.0178378 0.0208561 0.0181591 0.0192773 0.0235486 0.0173579 0.0187454 0.0165579 0.0198543 0.0223045 0.0165253 0.0227404 0.0109764 0.0197092 0.0156947 0.0198524 0.0214835 0.0133742 0.0214171 0.0219107 0.0180589 0.0198823 0.0188174 0.0194373 0.0165978 0.0193362 0.0223352 0.0194373 0.0156888 0.0204452 0.0198371 0.0173934 0.0181633 0.0206645 0.0184759 0.0181609 0.0206408 0.0215339 0.0198371 0.0156832 0.0149178 0.0196645 0.0180489 0.0197714 0.0172580 0.0181011 0.0156832 0.0172579 0.0188679 0.0172579 0.0188699 0.0214521 0.0165273 0.0172549 0.0173208 0.0189597 0.0188578 0.0164841 0.0188665 0.0172682 0.0200015 0.0207768 0.0200559 0.0191762 0.0191762 0.0200015 0.0191394 0.0191906 0.0199998 0.0183126 0.0207887 0.0191252 0.0200128 0.0199477 0.0241501 0.0199477 0.0200538 0.0199978 0.0270392 0.0261211 0.0261400 0.0270016 0.0261260 0.0261986 0.0279770 0.0296906 0.0252471 0.0261226 0.0261227 0.0289612 0.0298634 0.0289612 0.0280559 0.0280559 0.0289612 0.0294186 0.0261605 0.0270031 0.0288738 0.0297359 0.0270212 0.0279738 0.0285175 0.0278954 0.0294199 0.0298690 0.0307764 0.0327491 0.0319419 0.0319419 0.0328642 0.0306837 0.0318347 0.0316009 0.0297728 0.0307044 0.0306836 0.0327632 
105692_787_2376_MF779634_B_NA_NA 0.0212465 0.0179861 0.0238430 0.0162489 0.0147480 0.0130315 0.0073485 0.0122462 0.0211177 0.0187039 0.0135576 0.0172068 0.0000000 0.0094007 0.0212822 0.0203091 0.0195056 0.0131341 0.0130371 0.0094007 0.0187122 0.0110591 0.0179635 0.0163845 0.0102754 0.0203754 0.0193557 0.0205318 0.0096284 0.0230110 0.0093852 0.0205232 0.0183720 0.0228498 0.0199559 0.0172285 0.0161388 0.0100837 0.0219760 0.0182340 0.0137414 0.0185123 0.0204444 0.0182782 0.0186199 0.0188276 0.0213494 0.0139242 0.0165436 0.0231802 0.0118041 0.0180103 0.0163299 0.0171708 0.0138152 0.0163198 0.0179730 0.0152111 0.0156017 0.0149192 0.0196641 0.0139561 0.0181033 0.0178813 0.0192684 0.0215853 0.0210718 0.0237276 0.0191113 0.0156255 0.0181943 0.0164055 0.0190543 0.0182545 0.0179057 0.0156083 0.0198614 0.0173128 0.0164036 0.0216488 0.0150237 0.0212564 0.0171230 0.0198231 0.0164351 0.0186758 0.0214853 0.0182390 0.0177601 0.0223807 0.0214853 0.0141798 0.0188654 0.0182534 0.0158499 0.0198312 0.0190682 0.0150963 0.0150333 0.0156097 0.0180157 0.0182534 0.0141747 0.0134194 0.0180976 0.0165060 0.0165969 0.0141766 0.0165530 0.0141747 0.0157264 0.0173117 0.0173016 0.0157382 0.0198507 0.0150007 0.0172985 0.0157825 0.0158099 0.0173027 0.0149636 0.0173106 0.0157357 0.0165285 0.0172789 0.0165714 0.0157401 0.0157401 0.0165285 0.0157120 0.0157516 0.0165275 0.0149238 0.0172885 0.0157006 0.0165376 0.0164865 0.0205063 0.0164865 0.0165697 0.0165256 0.0232330 0.0223581 0.0223744 0.0232009 0.0223622 0.0224218 0.0241241 0.0257761 0.0215217 0.0223599 0.0223600 0.0250558 0.0241879 0.0250558 0.0241896 0.0241896 0.0250558 0.0255003 0.0223917 0.0232027 0.0249828 0.0248188 0.0232179 0.0241215 0.0246357 0.0240564 0.0255019 0.0259256 0.0267955 0.0286720 0.0278946 0.0278946 0.0287808 0.0267180 0.0278045 0.0275974 0.0258448 0.0267356 0.0267179 0.0286946 
105692_787_2376_MF779633_B_NA_NA 0.0181959 0.0147028 0.0204211 0.0157165 0.0132406 0.0102151 0.0115906 0.0167698 0.0178150 0.0139548 0.0153424 0.0109711 0.0094007 0.0000000 0.0198550 0.0154819 0.0147169 0.0160870 0.0102190 0.0000010 0.0173041 0.0133020 0.0132370 0.0132341 0.0073653 0.0189556 0.0161280 0.0174873 0.0081340 0.0212449 0.0094783 0.0197068 0.0135461 0.0197725 0.0150648 0.0158211 0.0147586 0.0147242 0.0158947 0.0133761 0.0109168 0.0153247 0.0206554 0.0166098 0.0169555 0.0174107 0.0164266 0.0123585 0.0133700 0.0197619 0.0088211 0.0147950 0.0131932 0.0139933 0.0109732 0.0164885 0.0132434 0.0153727 0.0139890 0.0150754 0.0163896 0.0109132 0.0182919 0.0146862 0.0175682 0.0182072 0.0177132 0.0202626 0.0158171 0.0155433 0.0149509 0.0165755 0.0189574 0.0149994 0.0197096 0.0110015 0.0181447 0.0141094 0.0165735 0.0182595 0.0118931 0.0198269 0.0189070 0.0165143 0.0166062 0.0172671 0.0181177 0.0149861 0.0160776 0.0206098 0.0181177 0.0125856 0.0171777 0.0181593 0.0157670 0.0165227 0.0173613 0.0152535 0.0134115 0.0157708 0.0182026 0.0181593 0.0125812 0.0118395 0.0164246 0.0148658 0.0165098 0.0125830 0.0149061 0.0125812 0.0141013 0.0156531 0.0141013 0.0141120 0.0181352 0.0133832 0.0140989 0.0141493 0.0141733 0.0156462 0.0118437 0.0156523 0.0141089 0.0151168 0.0158666 0.0151556 0.0143331 0.0143331 0.0151168 0.0143080 0.0143436 0.0151160 0.0135253 0.0158754 0.0142976 0.0151251 0.0150789 0.0190760 0.0150789 0.0151541 0.0151141 0.0217724 0.0209039 0.0209194 0.0217420 0.0209077 0.0209632 0.0226560 0.0243032 0.0200721 0.0209058 0.0209058 0.0235784 0.0244391 0.0235784 0.0227172 0.0227172 0.0235784 0.0240211 0.0209354 0.0217439 0.0235100 0.0241951 0.0217582 0.0226535 0.0231608 0.0225927 0.0240229 0.0244436 0.0253089 0.0271700 0.0263949 0.0263949 0.0272770 0.0252362 0.0263101 0.0261110 0.0243677 0.0252529 0.0252361 0.0271955 
105692_787_2376_MF779632_B_NA_NA 0.0185304 0.0263886 0.0177350 0.0240545 0.0189572 0.0203610 0.0204083 0.0265019 0.0283112 0.0180936 0.0226276 0.0163404 0.0212822 0.0198550 0.0000000 0.0102557 0.0095327 0.0240609 0.0203720 0.0198550 0.0161015 0.0213967 0.0199683 0.0230896 0.0181484 0.0176980 0.0203558 0.0058716 0.0140394 0.0201166 0.0195167 0.0170398 0.0234676 0.0200809 0.0184353 0.0161945 0.0187646 0.0212416 0.0122379 0.0177852 0.0194986 0.0228733 0.0209512 0.0260715 0.0264129 0.0193439 0.0186223 0.0230749 0.0170743 0.0196711 0.0164795 0.0213650 0.0172891 0.0237970 0.0169428 0.0193458 0.0171855 0.0189581 0.0211804 0.0212325 0.0185773 0.0196044 0.0202326 0.0239337 0.0262302 0.0194417 0.0198366 0.0225630 0.0186410 0.0238301 0.0178409 0.0229893 0.0235861 0.0178053 0.0262879 0.0172709 0.0193755 0.0147315 0.0229875 0.0211187 0.0146517 0.0184409 0.0254431 0.0203575 0.0228222 0.0209882 0.0230680 0.0197782 0.0252476 0.0256936 0.0230680 0.0204448 0.0246672 0.0248241 0.0170951 0.0247549 0.0239741 0.0215686 0.0213891 0.0219229 0.0244983 0.0248241 0.0204374 0.0196397 0.0229155 0.0229090 0.0239998 0.0220836 0.0229781 0.0204374 0.0204392 0.0220981 0.0220836 0.0237704 0.0264867 0.0213392 0.0220796 0.0221683 0.0238898 0.0220857 0.0212796 0.0237661 0.0220966 0.0229630 0.0237419 0.0230265 0.0221247 0.0221247 0.0229630 0.0220809 0.0221413 0.0229606 0.0212396 0.0237555 0.0220644 0.0229760 0.0228998 0.0271658 0.0228998 0.0230241 0.0229588 0.0301316 0.0291963 0.0292170 0.0300903 0.0292018 0.0292837 0.0310892 0.0328201 0.0283091 0.0291975 0.0291976 0.0320972 0.0311766 0.0320972 0.0311776 0.0311776 0.0302708 0.0325540 0.0292399 0.0300914 0.0319998 0.0329562 0.0301115 0.0310856 0.0316395 0.0309978 0.0325549 0.0330184 0.0339392 0.0340637 0.0351356 0.0351356 0.0341796 0.0319894 0.0331459 0.0329067 0.0310784 0.0320108 0.0319892 0.0340746 
105692_787_2376_MF779631_B_NA_NA 0.0214111 0.0216702 0.0202623 0.0213777 0.0131472 0.0178163 0.0175944 0.0250836 0.0218049 0.0109003 0.0183836 0.0122325 0.0203091 0.0154819 0.0102557 0.0000000 0.0006278 0.0227013 0.0178252 0.0154819 0.0188579 0.0169559 0.0155725 0.0185359 0.0154081 0.0205338 0.0160113 0.0095560 0.0115085 0.0210778 0.0170016 0.0163871 0.0188538 0.0230244 0.0111043 0.0189719 0.0178312 0.0202713 0.0123360 0.0187149 0.0154393 0.0168205 0.0222601 0.0229966 0.0216902 0.0206079 0.0195661 0.0185275 0.0171258 0.0203284 0.0123355 0.0184898 0.0137813 0.0176550 0.0154464 0.0196417 0.0162739 0.0202358 0.0186118 0.0205680 0.0195179 0.0152910 0.0215271 0.0193335 0.0214751 0.0203991 0.0208011 0.0241668 0.0195863 0.0202605 0.0187737 0.0213953 0.0229239 0.0171505 0.0246599 0.0130791 0.0219626 0.0156184 0.0213934 0.0237755 0.0155321 0.0196710 0.0238237 0.0202918 0.0221580 0.0203306 0.0204142 0.0188199 0.0199615 0.0246481 0.0204142 0.0178868 0.0210651 0.0221134 0.0196266 0.0220546 0.0229527 0.0199981 0.0204068 0.0229192 0.0238322 0.0221134 0.0178804 0.0171044 0.0202848 0.0202795 0.0213161 0.0194778 0.0203380 0.0178804 0.0178817 0.0194897 0.0194778 0.0211129 0.0237410 0.0187442 0.0194743 0.0195490 0.0212155 0.0178829 0.0186951 0.0211091 0.0194885 0.0222941 0.0230740 0.0223558 0.0214569 0.0214569 0.0222941 0.0214146 0.0214731 0.0222919 0.0205747 0.0230872 0.0213986 0.0223068 0.0222330 0.0264937 0.0222330 0.0223534 0.0222900 0.0294479 0.0285147 0.0285350 0.0294073 0.0285201 0.0286001 0.0304028 0.0321328 0.0276288 0.0285160 0.0285161 0.0314073 0.0323210 0.0314073 0.0304893 0.0304893 0.0295839 0.0318654 0.0285575 0.0294086 0.0313119 0.0322491 0.0294283 0.0303993 0.0309520 0.0303134 0.0318663 0.0323271 0.0332465 0.0352535 0.0344378 0.0344378 0.0353718 0.0331453 0.0343215 0.0340746 0.0322224 0.0331677 0.0331452 0.0352615 
105692_787_2376_MF779630_B_NA_NA 0.0205890 0.0208617 0.0194605 0.0205593 0.0124039 0.0170330 0.0168215 0.0242481 0.0209902 0.0101770 0.0175879 0.0115043 0.0195056 0.0147169 0.0095327 0.0006278 0.0000000 0.0218813 0.0170414 0.0147169 0.0180592 0.0161830 0.0148036 0.0177481 0.0146461 0.0197205 0.0152524 0.0088365 0.0107857 0.0202691 0.0162261 0.0156119 0.0180559 0.0221919 0.0103676 0.0181677 0.0170475 0.0194687 0.0115592 0.0179219 0.0146767 0.0160535 0.0214309 0.0221746 0.0208809 0.0197908 0.0187644 0.0177406 0.0163453 0.0195226 0.0116012 0.0177046 0.0138490 0.0168785 0.0146833 0.0188364 0.0155017 0.0194053 0.0178224 0.0197508 0.0187196 0.0145356 0.0206998 0.0185397 0.0206591 0.0195898 0.0199885 0.0233260 0.0187834 0.0194543 0.0179775 0.0205715 0.0220937 0.0163685 0.0238126 0.0123387 0.0211444 0.0148466 0.0205696 0.0229386 0.0147656 0.0188657 0.0229824 0.0194857 0.0213312 0.0195246 0.0196022 0.0180213 0.0191516 0.0238013 0.0196022 0.0170998 0.0202528 0.0212864 0.0188218 0.0212306 0.0221192 0.0191886 0.0195953 0.0220894 0.0229929 0.0212864 0.0170937 0.0163232 0.0194793 0.0194743 0.0204960 0.0186786 0.0195299 0.0170937 0.0170948 0.0186898 0.0186786 0.0203006 0.0229053 0.0179486 0.0186753 0.0187461 0.0203983 0.0170958 0.0179012 0.0202979 0.0186889 0.0214609 0.0222371 0.0215197 0.0206302 0.0206302 0.0214609 0.0205900 0.0206456 0.0214588 0.0197570 0.0222497 0.0205747 0.0214730 0.0214025 0.0256311 0.0214025 0.0215175 0.0214569 0.0285542 0.0276288 0.0276485 0.0285147 0.0276340 0.0277110 0.0295004 0.0312203 0.0267494 0.0276302 0.0276302 0.0304951 0.0314024 0.0304951 0.0295839 0.0295839 0.0286852 0.0309520 0.0276702 0.0285161 0.0304028 0.0313094 0.0285351 0.0294971 0.0300450 0.0294141 0.0309531 0.0314082 0.0323210 0.0343112 0.0334996 0.0334996 0.0344275 0.0322232 0.0333875 0.0331459 0.0313069 0.0322449 0.0322231 0.0343215 
105692_787_2376_MF779629_B_NA_NA 0.0276322 0.0194516 0.0253527 0.0213739 0.0187156 0.0203016 0.0124214 0.0101601 0.0201747 0.0162980 0.0210229 0.0211746 0.0131341 0.0160870 0.0240609 0.0227013 0.0218813 0.0000000 0.0171240 0.0160870 0.0231854 0.0117785 0.0203184 0.0153285 0.0132027 0.0249536 0.0224304 0.0232965 0.0124959 0.0195627 0.0147643 0.0173440 0.0205797 0.0275654 0.0205305 0.0233322 0.0204283 0.0110139 0.0245713 0.0197137 0.0178539 0.0216729 0.0267816 0.0240665 0.0227331 0.0250505 0.0239171 0.0162608 0.0180862 0.0220795 0.0147245 0.0194779 0.0177623 0.0202278 0.0195560 0.0240138 0.0204402 0.0236935 0.0212339 0.0206776 0.0188073 0.0146803 0.0260331 0.0236407 0.0242075 0.0205069 0.0185631 0.0226093 0.0179710 0.0212886 0.0214211 0.0224556 0.0240033 0.0188319 0.0257761 0.0186266 0.0197197 0.0214193 0.0224538 0.0222235 0.0149135 0.0240402 0.0249257 0.0196816 0.0232282 0.0181093 0.0265588 0.0231495 0.0243577 0.0263447 0.0265588 0.0204961 0.0237841 0.0256381 0.0206483 0.0238565 0.0265100 0.0210284 0.0231193 0.0239990 0.0249316 0.0256381 0.0188644 0.0188804 0.0229745 0.0213064 0.0231042 0.0204906 0.0213700 0.0188644 0.0204905 0.0221546 0.0204905 0.0221564 0.0248348 0.0197489 0.0204869 0.0205680 0.0213289 0.0221421 0.0196944 0.0221524 0.0205026 0.0233739 0.0241645 0.0234396 0.0225217 0.0225217 0.0233739 0.0224762 0.0225388 0.0233714 0.0233085 0.0241785 0.0224593 0.0233873 0.0233085 0.0276434 0.0233085 0.0234370 0.0233695 0.0306606 0.0297103 0.0297315 0.0306180 0.0297160 0.0298005 0.0316337 0.0333889 0.0288092 0.0297114 0.0297115 0.0326580 0.0317239 0.0326580 0.0317248 0.0317248 0.0326580 0.0331204 0.0297551 0.0306192 0.0325580 0.0335434 0.0306399 0.0316300 0.0321923 0.0315394 0.0331211 0.0335932 0.0345276 0.0354715 0.0346489 0.0346489 0.0355901 0.0333460 0.0345315 0.0342820 0.0324164 0.0333687 0.0333459 0.0354789 
105692_787_2376_MF779628_B_NA_NA 0.0187228 0.0147119 0.0229048 0.0147147 0.0157799 0.0107762 0.0138164 0.0210196 0.0193263 0.0132052 0.0161360 0.0163404 0.0130371 0.0102190 0.0203720 0.0178252 0.0170414 0.0171240 0.0000000 0.0102190 0.0162673 0.0117451 0.0139990 0.0131736 0.0101674 0.0178815 0.0169081 0.0180186 0.0109793 0.0188163 0.0086290 0.0205306 0.0182012 0.0202899 0.0181583 0.0163614 0.0152961 0.0152605 0.0175739 0.0133814 0.0114722 0.0176436 0.0211695 0.0172943 0.0161857 0.0163638 0.0172209 0.0131059 0.0141369 0.0196833 0.0116825 0.0147295 0.0154783 0.0154577 0.0100862 0.0170216 0.0140058 0.0167250 0.0178700 0.0163260 0.0156169 0.0101896 0.0188201 0.0170112 0.0174947 0.0165376 0.0153407 0.0168307 0.0157477 0.0131746 0.0180255 0.0124246 0.0188805 0.0164961 0.0153810 0.0139292 0.0164818 0.0164410 0.0124229 0.0181838 0.0118376 0.0154846 0.0146248 0.0132686 0.0131381 0.0116198 0.0179302 0.0180696 0.0175939 0.0187764 0.0179302 0.0155799 0.0155423 0.0179700 0.0172729 0.0180392 0.0171810 0.0142544 0.0132727 0.0139329 0.0146469 0.0179700 0.0125225 0.0125324 0.0163554 0.0147999 0.0164388 0.0125243 0.0148409 0.0125225 0.0140378 0.0155860 0.0140378 0.0140483 0.0180602 0.0133226 0.0140353 0.0124944 0.0141101 0.0155781 0.0132902 0.0155851 0.0140453 0.0132839 0.0140132 0.0133165 0.0125270 0.0125270 0.0132839 0.0125063 0.0125359 0.0132834 0.0132521 0.0140207 0.0124975 0.0132909 0.0132521 0.0171181 0.0132521 0.0133153 0.0132815 0.0197085 0.0188692 0.0188832 0.0196813 0.0188726 0.0189211 0.0205615 0.0221650 0.0180636 0.0188711 0.0188712 0.0214501 0.0222854 0.0214501 0.0206153 0.0206153 0.0214501 0.0218790 0.0188979 0.0196833 0.0213896 0.0220001 0.0196960 0.0205593 0.0210438 0.0205058 0.0218809 0.0222895 0.0231295 0.0249289 0.0241729 0.0241729 0.0250306 0.0230651 0.0240974 0.0239147 0.0222221 0.0230801 0.0230651 0.0249575 
105692_787_2376_MF779627_B_NA_NA 0.0181959 0.0147028 0.0204211 0.0157165 0.0132406 0.0102151 0.0115906 0.0167698 0.0178150 0.0139548 0.0153424 0.0109711 0.0094007 0.0000010 0.0198550 0.0154819 0.0147169 0.0160870 0.0102190 0.0000000 0.0173041 0.0133020 0.0132370 0.0132341 0.0073653 0.0189556 0.0161280 0.0174873 0.0081340 0.0212449 0.0094783 0.0197068 0.0135461 0.0197725 0.0150648 0.0158211 0.0147586 0.0147242 0.0158947 0.0133761 0.0109168 0.0153247 0.0206554 0.0166098 0.0169555 0.0174107 0.0164266 0.0123585 0.0133700 0.0197619 0.0088211 0.0147950 0.0131932 0.0139933 0.0109732 0.0164885 0.0132434 0.0153727 0.0139890 0.0150754 0.0163896 0.0109132 0.0182919 0.0146862 0.0175682 0.0182072 0.0177132 0.0202626 0.0158171 0.0155433 0.0149509 0.0165755 0.0189574 0.0149994 0.0197096 0.0110015 0.0181447 0.0141094 0.0165735 0.0182595 0.0118931 0.0198269 0.0189070 0.0165143 0.0166062 0.0172671 0.0181177 0.0149861 0.0160776 0.0206098 0.0181177 0.0125856 0.0171777 0.0181593 0.0157670 0.0165227 0.0173613 0.0152535 0.0134115 0.0157708 0.0182026 0.0181593 0.0125812 0.0118395 0.0164246 0.0148658 0.0165098 0.0125830 0.0149061 0.0125812 0.0141013 0.0156531 0.0141013 0.0141120 0.0181352 0.0133832 0.0140989 0.0141493 0.0141733 0.0156462 0.0118437 0.0156523 0.0141089 0.0151168 0.0158666 0.0151556 0.0143331 0.0143331 0.0151168 0.0143080 0.0143436 0.0151160 0.0135253 0.0158754 0.0142976 0.0151251 0.0150789 0.0190760 0.0150789 0.0151541 0.0151141 0.0217724 0.0209039 0.0209194 0.0217420 0.0209077 0.0209632 0.0226560 0.0243032 0.0200721 0.0209058 0.0209058 0.0235784 0.0244391 0.0235784 0.0227172 0.0227172 0.0235784 0.0240211 0.0209354 0.0217439 0.0235100 0.0241951 0.0217582 0.0226535 0.0231608 0.0225927 0.0240229 0.0244436 0.0253089 0.0271700 0.0263949 0.0263949 0.0272770 0.0252362 0.0263101 0.0261110 0.0243677 0.0252529 0.0252361 0.0271955 
105692_787_2376_MF779626_B_NA_NA 0.0100632 0.0221292 0.0153774 0.0205800 0.0216965 0.0147197 0.0147635 0.0254699 0.0221463 0.0156932 0.0230354 0.0189556 0.0187122 0.0173041 0.0161015 0.0188579 0.0180592 0.0231854 0.0162673 0.0173041 0.0000000 0.0173145 0.0198345 0.0189298 0.0156526 0.0025522 0.0195151 0.0123689 0.0181620 0.0177026 0.0139353 0.0162267 0.0192596 0.0114795 0.0175905 0.0065677 0.0087629 0.0227538 0.0147959 0.0154189 0.0139237 0.0155335 0.0122397 0.0184312 0.0155268 0.0093571 0.0101179 0.0125206 0.0116562 0.0140350 0.0110365 0.0156112 0.0164643 0.0163457 0.0130364 0.0079520 0.0087673 0.0088312 0.0139634 0.0109251 0.0087145 0.0110674 0.0101083 0.0156453 0.0184145 0.0108979 0.0097531 0.0151487 0.0101716 0.0132110 0.0094060 0.0109805 0.0130769 0.0094343 0.0138965 0.0148887 0.0123295 0.0079925 0.0109789 0.0154234 0.0094515 0.0100654 0.0131513 0.0116845 0.0123663 0.0108666 0.0140052 0.0095749 0.0159488 0.0132796 0.0140052 0.0116882 0.0139585 0.0155747 0.0087153 0.0155385 0.0148057 0.0097481 0.0124926 0.0101465 0.0138590 0.0155747 0.0102215 0.0102294 0.0124255 0.0124229 0.0139940 0.0116858 0.0124560 0.0102215 0.0102217 0.0116915 0.0116858 0.0131824 0.0155603 0.0109865 0.0116838 0.0117244 0.0132390 0.0116861 0.0124374 0.0131801 0.0116919 0.0117468 0.0124637 0.0117749 0.0110068 0.0110068 0.0117468 0.0109893 0.0110145 0.0117465 0.0117196 0.0124703 0.0109817 0.0117530 0.0117196 0.0154983 0.0117196 0.0117738 0.0117447 0.0180120 0.0171935 0.0172063 0.0179863 0.0171966 0.0168916 0.0188406 0.0204102 0.0164079 0.0171954 0.0171954 0.0197030 0.0205184 0.0197030 0.0188887 0.0188887 0.0197030 0.0201194 0.0172198 0.0179883 0.0196488 0.0202004 0.0179997 0.0188387 0.0193036 0.0187908 0.0201213 0.0205221 0.0213418 0.0230905 0.0223501 0.0223501 0.0231873 0.0212841 0.0222822 0.0221129 0.0204614 0.0212977 0.0212840 0.0231212 
