165
105695_6229_7786_MF778076_B_NA_NA 0.0000000 0.0212900 0.0494628 0.0181600 0.0358880 0.0128909 0.0174333 0.0220415 0.0174132 0.0116439 0.0206102 0.0262329 0.0159145 0.0159175 0.0259077 0.0136809 0.0223751 0.0222484 0.0262243 0.0242555 0.1982842 0.2070214 0.0259314 0.0257406 0.2102276 0.2099888 0.0266099 0.2082972 0.0242077 0.2015026 0.0525869 0.0191465 0.0299727 0.0229885 0.2071856 0.0296914 0.2091630 0.0309765 0.1998149 0.0583021 0.0281011 0.0312304 0.0297508 0.2008714 0.0254903 0.0303972 0.0279353 0.0320409 0.0397582 0.0395099 0.0405682 0.0340731 0.0397146 0.0280847 0.0288065 0.0342121 0.0359571 0.0296251 0.1896969 0.0368635 0.0288244 0.0254261 0.0404966 0.0372025 0.0365114 0.0367104 0.0388193 0.2040343 0.1999222 0.2014085 0.1996729 0.1982960 0.0371478 0.0389832 0.1858800 0.0387731 0.0426628 0.0373950 0.0393227 0.0477289 0.0383654 0.0319988 0.1948029 0.0401571 0.0420812 0.0398137 0.0419486 0.0439281 0.0402953 0.0464916 0.0403043 0.0387608 0.0393895 0.0437056 0.0424873 0.0378794 0.0418731 0.0398564 0.0393543 0.0435939 0.0393288 0.0401054 0.0400298 0.0392160 0.0458938 0.0407235 0.0478671 0.0394660 0.0405067 0.0432872 0.0468568 0.0377828 0.0471901 0.0385988 0.0442648 0.0441353 0.0406674 0.0453986 0.0388097 0.0496213 0.0432872 0.0432368 0.0459707 0.0462765 0.0443365 0.0415551 0.0377469 0.0477609 0.0368986 0.0489842 0.0561470 0.0489842 0.0508318 0.0480815 0.0508318 0.0508455 0.0571217 0.0561470 0.0489713 0.0580709 0.0498906 0.0511423 0.0490321 0.0552629 0.0490321 0.0499550 0.1950632 0.2030749 0.2041367 0.2041367 0.1980711 0.1819731 0.1949955 0.1968434 0.1953055 0.2015059 0.1966567 0.1887355 0.1905771 0.1819731 0.1965856 0.1835421 0.1997531 0.1835229 0.1953759 
105695_6217_7786_MF778075_B_NA_NA 0.0212900 0.0000000 0.0405345 0.0143406 0.0227319 0.0169016 0.0129332 0.0208064 0.0192642 0.0129045 0.0073269 0.0262977 0.0166569 0.0115680 0.0152089 0.0160842 0.0102022 0.0094873 0.0108368 0.0130181 0.2008275 0.2050610 0.0326936 0.0290261 0.2111013 0.2074932 0.0266763 0.2104372 0.0275110 0.2035892 0.0499270 0.0230884 0.0352006 0.0262930 0.2059639 0.0314040 0.2071940 0.0310675 0.1947558 0.0566585 0.0308461 0.0288648 0.0351221 0.1997540 0.0281810 0.0332121 0.0306685 0.0358117 0.0428089 0.0396001 0.0425868 0.0358637 0.0389879 0.0308276 0.0280907 0.0360553 0.0360380 0.0281959 0.1854166 0.0386031 0.0339768 0.0297945 0.0444472 0.0394363 0.0404053 0.0376156 0.0397419 0.2029141 0.1948560 0.1963257 0.1913972 0.1932493 0.0383123 0.0444826 0.1840540 0.0391810 0.0442452 0.0383506 0.0412887 0.0494098 0.0406297 0.0340320 0.1898054 0.0413660 0.0454454 0.0391435 0.0451258 0.0471566 0.0415060 0.0440806 0.0434432 0.0399604 0.0425091 0.0450983 0.0457032 0.0409757 0.0450445 0.0410724 0.0424690 0.0468418 0.0442166 0.0413123 0.0412340 0.0440886 0.0435518 0.0419493 0.0475003 0.0408224 0.0418566 0.0428936 0.0464848 0.0408617 0.0468188 0.0416946 0.0419322 0.0455398 0.0401030 0.0430521 0.0401662 0.0492655 0.0428936 0.0428432 0.0455931 0.0439253 0.0457524 0.0409932 0.0408224 0.0473941 0.0399538 0.0466165 0.0556107 0.0466165 0.0484515 0.0457193 0.0484515 0.0484650 0.0565873 0.0556107 0.0466041 0.0575385 0.0475173 0.0487528 0.0466621 0.0547243 0.0466621 0.0475791 0.1975937 0.1985636 0.2067522 0.2067522 0.1968457 0.1828417 0.1937745 0.1993878 0.1978363 0.2002710 0.1954328 0.1896410 0.1914919 0.1828417 0.1953621 0.1844192 0.1985249 0.1843998 0.1979080 
105695_6217_7786_MF778074_B_NA_NA 0.0494628 0.0405345 0.0000000 0.0466948 0.0564944 0.0350057 0.0441934 0.0404858 0.0377118 0.0489008 0.0417156 0.0560272 0.0413087 0.0437946 0.0404840 0.0511128 0.0426671 0.0455920 0.0454297 0.0377458 0.1923874 0.2070585 0.0469489 0.0519910 0.2164779 0.2004845 0.0472400 0.2124772 0.0469533 0.1956012 0.0273092 0.0466086 0.0503356 0.0474124 0.1986586 0.0516305 0.2042604 0.0525447 0.1876529 0.0271197 0.0459968 0.0438186 0.0509315 0.1897174 0.0487195 0.0501913 0.0516011 0.0487468 0.0509474 0.0509994 0.0523836 0.0498604 0.0444678 0.0459665 0.0480902 0.0550436 0.0471417 0.0442301 0.1798282 0.0506477 0.0529376 0.0466792 0.0383979 0.0444432 0.0515970 0.0480401 0.0500337 0.1944645 0.1865355 0.1879848 0.1863060 0.1849564 0.0483103 0.0549346 0.1729433 0.0475401 0.0517580 0.0493694 0.0527772 0.0499443 0.0438676 0.0469806 0.1815770 0.0497225 0.0506782 0.0442902 0.0503415 0.0524532 0.0498705 0.0531114 0.0485978 0.0440995 0.0485482 0.0521456 0.0481618 0.0451599 0.0502510 0.0452609 0.0494286 0.0540703 0.0512556 0.0496555 0.0495597 0.0492533 0.0505763 0.0480066 0.0558607 0.0495467 0.0488082 0.0517697 0.0536566 0.0468272 0.0559417 0.0486156 0.0507426 0.0545560 0.0469625 0.0500758 0.0470836 0.0565702 0.0517697 0.0517087 0.0546235 0.0509866 0.0529309 0.0478887 0.0477037 0.0546105 0.0467956 0.0557040 0.0616913 0.0557040 0.0576433 0.0547582 0.0576433 0.0566714 0.0619104 0.0616913 0.0556890 0.0636964 0.0566537 0.0579885 0.0557598 0.0607753 0.0557598 0.0567273 0.1901685 0.1943528 0.2084571 0.2084571 0.1862563 0.1890627 0.1864162 0.1952953 0.1937547 0.2051603 0.1880465 0.1925308 0.1856854 0.1890627 0.1879786 0.1906710 0.1879786 0.1906508 0.1969838 
105695_6229_7786_MF778073_B_NA_NA 0.0181600 0.0143406 0.0466948 0.0000000 0.0273876 0.0220931 0.0195954 0.0251293 0.0220630 0.0136295 0.0137158 0.0327851 0.0150447 0.0100812 0.0172848 0.0175169 0.0109178 0.0137113 0.0189386 0.0136087 0.2023296 0.2065858 0.0359818 0.0356801 0.2126540 0.2124073 0.0332342 0.2119856 0.0324294 0.2051018 0.0496256 0.0278112 0.0403709 0.0294932 0.2108502 0.0381476 0.2087250 0.0360227 0.1962279 0.0592344 0.0375918 0.0354881 0.0393594 0.2012480 0.0330906 0.0382932 0.0373902 0.0364019 0.0444661 0.0430816 0.0461473 0.0392619 0.0442273 0.0375684 0.0329969 0.0412135 0.0394464 0.0331181 0.1900407 0.0420592 0.0390801 0.0337200 0.0487152 0.0428749 0.0445493 0.0410439 0.0432288 0.2044202 0.1963304 0.1978053 0.1960868 0.1947183 0.0417181 0.0480013 0.1854806 0.0444826 0.0484764 0.0442142 0.0447831 0.0537713 0.0440986 0.0397710 0.1912593 0.0455365 0.0497097 0.0433011 0.0493796 0.0514541 0.0456795 0.0483435 0.0476658 0.0441269 0.0467184 0.0475042 0.0500019 0.0451734 0.0492917 0.0434806 0.0466718 0.0511686 0.0466425 0.0454769 0.0453907 0.0483123 0.0477844 0.0461663 0.0518249 0.0467876 0.0460599 0.0471213 0.0507810 0.0450360 0.0511360 0.0458811 0.0461355 0.0498153 0.0442664 0.0472888 0.0443442 0.0536180 0.0471213 0.0470662 0.0498749 0.0481771 0.0500582 0.0451705 0.0449925 0.0517094 0.0441077 0.0509185 0.0601179 0.0509185 0.0527901 0.0500045 0.0527901 0.0528040 0.0611141 0.0601179 0.0509049 0.0620834 0.0518361 0.0531102 0.0509685 0.0592185 0.0509685 0.0519031 0.1990804 0.2020959 0.2082764 0.2082764 0.1970945 0.1858438 0.1940192 0.2008803 0.1993230 0.2005251 0.1956798 0.1926974 0.1933273 0.1858438 0.1956089 0.1874336 0.1987759 0.1874138 0.1993953 
105695_6217_7786_MF778072_B_NA_NA 0.0358880 0.0227319 0.0564944 0.0273876 0.0000000 0.0327850 0.0251355 0.0320444 0.0320067 0.0300031 0.0236734 0.0182908 0.0293394 0.0282278 0.0262243 0.0318062 0.0223135 0.0245326 0.0259744 0.0244813 0.1854933 0.1912950 0.0357429 0.0362456 0.1970692 0.1950315 0.0297164 0.1964461 0.0329882 0.1881403 0.0504874 0.0284064 0.0408913 0.0317017 0.1935852 0.0369807 0.1933667 0.0366958 0.1827635 0.0572075 0.0364291 0.0344357 0.0408257 0.1845046 0.0354273 0.0371220 0.0362331 0.0380281 0.0423833 0.0418556 0.0466953 0.0398333 0.0395251 0.0364069 0.0335733 0.0435615 0.0400184 0.0338406 0.1738269 0.0435050 0.0396302 0.0336417 0.0505674 0.0435129 0.0463537 0.0416077 0.0446786 0.1875325 0.1798204 0.1812325 0.1796032 0.1782849 0.0405746 0.0486250 0.1724766 0.0422942 0.0483534 0.0405811 0.0453508 0.0517345 0.0447352 0.0379563 0.1750048 0.0454280 0.0495804 0.0414382 0.0492521 0.0520035 0.0455703 0.0489051 0.0494993 0.0440246 0.0466038 0.0473859 0.0498703 0.0450657 0.0491647 0.0451649 0.0465575 0.0510310 0.0483292 0.0453688 0.0452832 0.0481903 0.0476645 0.0460538 0.0516844 0.0466727 0.0459483 0.0470044 0.0506460 0.0449296 0.0509988 0.0457706 0.0460236 0.0504317 0.0441636 0.0471709 0.0442407 0.0534686 0.0470044 0.0469497 0.0497443 0.0480549 0.0499261 0.0450635 0.0448864 0.0515697 0.0440057 0.0507827 0.0599340 0.0507827 0.0526449 0.0498733 0.0526449 0.0526587 0.0609250 0.0599340 0.0526445 0.0618893 0.0516958 0.0529630 0.0508323 0.0590391 0.0508323 0.0517622 0.1860298 0.1864987 0.1955300 0.1955300 0.1817253 0.1749345 0.1787809 0.1884080 0.1869016 0.1867323 0.1803648 0.1815609 0.1815996 0.1749345 0.1803005 0.1764726 0.1833288 0.1764543 0.1869687 
105695_6217_7786_MF778071_B_NA_NA 0.0128909 0.0169016 0.0350057 0.0220931 0.0327850 0.0000000 0.0131488 0.0131672 0.0088274 0.0176402 0.0147450 0.0248913 0.0161096 0.0182180 0.0153606 0.0222159 0.0201181 0.0186995 0.0201475 0.0152905 0.1956712 0.2043447 0.0244673 0.0275986 0.2075351 0.2073042 0.0252559 0.2056170 0.0244395 0.1988726 0.0509175 0.0193296 0.0286107 0.0216527 0.2045209 0.0283372 0.2064793 0.0294915 0.1940432 0.0468681 0.0267484 0.0282533 0.0292496 0.1950912 0.0241471 0.0274244 0.0281981 0.0297308 0.0365157 0.0361997 0.0372324 0.0308535 0.0366475 0.0267325 0.0274567 0.0309798 0.0327014 0.0266558 0.1840572 0.0360018 0.0274714 0.0247498 0.0345331 0.0339823 0.0341502 0.0334504 0.0355116 0.1982167 0.1941419 0.1956121 0.1939012 0.1925360 0.0339361 0.0381896 0.1802948 0.0354715 0.0366999 0.0350257 0.0375881 0.0415790 0.0351204 0.0280680 0.1890924 0.0360431 0.0396645 0.0348133 0.0378067 0.0397478 0.0361775 0.0431248 0.0361873 0.0338030 0.0352847 0.0412773 0.0374411 0.0329420 0.0377377 0.0348592 0.0369591 0.0411420 0.0386534 0.0359969 0.0359290 0.0368284 0.0416629 0.0374336 0.0436007 0.0353642 0.0363738 0.0391033 0.0426156 0.0337056 0.0429284 0.0345118 0.0400581 0.0416937 0.0365245 0.0411615 0.0347005 0.0453327 0.0391033 0.0390574 0.0417411 0.0420268 0.0418791 0.0374005 0.0336736 0.0435035 0.0328388 0.0446925 0.0517093 0.0446925 0.0465092 0.0438038 0.0465092 0.0465224 0.0519049 0.0517093 0.0446806 0.0536022 0.0455848 0.0468014 0.0447361 0.0508351 0.0447361 0.0456442 0.1930609 0.1972651 0.2021165 0.2021165 0.1923261 0.1799825 0.1892862 0.1948394 0.1933039 0.1956982 0.1909258 0.1867306 0.1885710 0.1799825 0.1908569 0.1815483 0.1939861 0.1815294 0.1933738 
105695_6217_7786_MF778070_B_NA_NA 0.0174333 0.0129332 0.0441934 0.0195954 0.0251355 0.0131488 0.0000000 0.0139837 0.0154155 0.0150942 0.0151632 0.0223370 0.0144402 0.0182014 0.0160247 0.0246395 0.0168406 0.0160425 0.0204955 0.0182796 0.1985496 0.2068009 0.0285008 0.0281864 0.2100030 0.2097650 0.0226694 0.2080753 0.0266563 0.2012915 0.0518502 0.0184188 0.0308395 0.0207135 0.2069658 0.0289008 0.2089401 0.0302826 0.1964392 0.0568125 0.0257178 0.0272080 0.0298339 0.1974899 0.0216047 0.0280107 0.0255614 0.0330061 0.0390627 0.0387489 0.0398029 0.0333250 0.0372137 0.0257029 0.0264411 0.0341719 0.0352034 0.0272449 0.1864102 0.0368239 0.0287511 0.0247255 0.0390715 0.0365051 0.0351123 0.0359568 0.0380579 0.2006272 0.1965412 0.1980162 0.1962972 0.1949288 0.0364521 0.0390113 0.1826295 0.0362703 0.0412482 0.0342793 0.0385741 0.0462929 0.0376658 0.0289632 0.1914688 0.0387437 0.0424181 0.0383870 0.0405322 0.0425057 0.0388812 0.0459607 0.0388905 0.0373421 0.0379764 0.0422859 0.0410582 0.0364629 0.0404587 0.0366960 0.0379430 0.0421602 0.0396469 0.0386937 0.0386204 0.0395326 0.0444610 0.0392966 0.0464290 0.0380543 0.0390882 0.0418615 0.0454239 0.0363732 0.0457514 0.0371890 0.0428347 0.0427089 0.0392462 0.0439621 0.0373930 0.0481815 0.0418615 0.0418124 0.0445387 0.0448388 0.0429013 0.0401331 0.0363385 0.0463255 0.0354916 0.0475413 0.0546777 0.0475413 0.0493844 0.0466404 0.0493844 0.0493980 0.0556498 0.0546777 0.0475287 0.0565969 0.0484459 0.0496899 0.0475878 0.0537942 0.0475878 0.0485088 0.1992207 0.1996724 0.2084148 0.2084148 0.1947129 0.1859871 0.1916619 0.2010199 0.1994629 0.1981071 0.1933085 0.1928397 0.1947017 0.1859871 0.1932387 0.1875766 0.1963801 0.1875569 0.1995353 
105695_6223_7786_MF778069_B_NA_NA 0.0220415 0.0208064 0.0404858 0.0251293 0.0320444 0.0131672 0.0139837 0.0000000 0.0123077 0.0247839 0.0233132 0.0232202 0.0167539 0.0190088 0.0190370 0.0288281 0.0201052 0.0208444 0.0273887 0.0174181 0.2037712 0.2080384 0.0320626 0.0318930 0.2141172 0.2138667 0.0235644 0.2134464 0.0303268 0.2065464 0.0551364 0.0250257 0.0382386 0.0290689 0.2123035 0.0326247 0.2101779 0.0328669 0.1976554 0.0528945 0.0311319 0.0326705 0.0343998 0.2026844 0.0284412 0.0335180 0.0309516 0.0366069 0.0412589 0.0407872 0.0438119 0.0352743 0.0431238 0.0311127 0.0318744 0.0361366 0.0371862 0.0309396 0.1914613 0.0388266 0.0342892 0.0280999 0.0392118 0.0404467 0.0387946 0.0379470 0.0389999 0.2058602 0.1977599 0.1992363 0.1975146 0.1961446 0.0403821 0.0430198 0.1838264 0.0401691 0.0431831 0.0360871 0.0423547 0.0483066 0.0416524 0.0324679 0.1926791 0.0406140 0.0462985 0.0393972 0.0443658 0.0463924 0.0407536 0.0479372 0.0426856 0.0383401 0.0417523 0.0461615 0.0440414 0.0411072 0.0442856 0.0394405 0.0417132 0.0460717 0.0434581 0.0405612 0.0404842 0.0433321 0.0464088 0.0403126 0.0504313 0.0418274 0.0428996 0.0457453 0.0493936 0.0401079 0.0497429 0.0409401 0.0447643 0.0446745 0.0411314 0.0459104 0.0411669 0.0522202 0.0457453 0.0456915 0.0484896 0.0467965 0.0468309 0.0420274 0.0400692 0.0503185 0.0392018 0.0495296 0.0567626 0.0495296 0.0513946 0.0486185 0.0513946 0.0514084 0.0569695 0.0567626 0.0495164 0.0587040 0.0504444 0.0517096 0.0495784 0.0558711 0.0495784 0.0505099 0.2004426 0.2008927 0.2096477 0.2096477 0.1959269 0.1872005 0.1928717 0.2022429 0.2006844 0.1993284 0.1945205 0.1940627 0.1959257 0.1872005 0.1944504 0.1887922 0.1975963 0.1887724 0.2007570 
105695_6223_7786_MF778068_B_NA_NA 0.0174132 0.0192642 0.0377118 0.0220630 0.0320067 0.0088274 0.0154155 0.0123077 0.0000000 0.0215464 0.0201029 0.0256523 0.0137629 0.0160233 0.0174502 0.0255879 0.0210063 0.0177667 0.0225248 0.0130116 0.2019922 0.2093767 0.0312573 0.0309773 0.2125991 0.2138071 0.0260819 0.2106560 0.0261416 0.2052384 0.0558247 0.0240790 0.0354189 0.0264755 0.2076214 0.0333932 0.2149229 0.0346512 0.2003355 0.0535528 0.0334451 0.0349873 0.0350159 0.2013927 0.0290684 0.0341357 0.0332576 0.0365042 0.0445663 0.0433160 0.0444110 0.0377368 0.0437177 0.0334245 0.0324955 0.0378905 0.0396748 0.0334921 0.1902099 0.0422106 0.0341962 0.0296718 0.0398225 0.0410560 0.0394004 0.0404386 0.0435111 0.2012683 0.1971783 0.1986556 0.1969334 0.1955632 0.0409901 0.0436219 0.1832418 0.0416256 0.0437773 0.0385494 0.0429532 0.0488915 0.0422603 0.0347784 0.1920969 0.0431342 0.0468872 0.0419303 0.0449596 0.0469814 0.0432756 0.0505566 0.0432841 0.0408519 0.0423538 0.0467504 0.0446409 0.0399556 0.0448789 0.0419713 0.0423141 0.0466666 0.0440543 0.0430780 0.0429963 0.0439273 0.0489990 0.0428517 0.0510124 0.0424279 0.0434992 0.0463379 0.0499763 0.0407135 0.0503266 0.0415429 0.0473395 0.0472002 0.0436679 0.0485037 0.0417719 0.0527956 0.0463379 0.0462838 0.0490751 0.0493974 0.0474238 0.0445710 0.0406744 0.0508989 0.0398093 0.0521559 0.0594760 0.0521559 0.0540395 0.0512363 0.0540395 0.0540535 0.0596879 0.0594760 0.0521420 0.0614357 0.0530792 0.0543651 0.0522072 0.0585787 0.0522072 0.0531476 0.1960880 0.2003136 0.2070897 0.2070897 0.1953457 0.1847423 0.1922899 0.1997260 0.1981749 0.2006101 0.1939393 0.1915671 0.1915909 0.1847423 0.1938693 0.1863255 0.1970157 0.1863059 0.1982466 
105695_6217_7786_MF778067_B_NA_NA 0.0116439 0.0129045 0.0489008 0.0136295 0.0300031 0.0176402 0.0150942 0.0247839 0.0215464 0.0000000 0.0122466 0.0271284 0.0173387 0.0108266 0.0189681 0.0139442 0.0167430 0.0160356 0.0189300 0.0197368 0.2047889 0.2132376 0.0302156 0.0282532 0.2164986 0.2162401 0.0275168 0.2145287 0.0267196 0.2075796 0.0525920 0.0191868 0.0309131 0.0238536 0.2133750 0.0306242 0.2154077 0.0336217 0.2058532 0.0555587 0.0299743 0.0296266 0.0325241 0.2069227 0.0273107 0.0323025 0.0298002 0.0348836 0.0418170 0.0405271 0.0415977 0.0367651 0.0380402 0.0299563 0.0272214 0.0386844 0.0369425 0.0290455 0.1955506 0.0395225 0.0314083 0.0305606 0.0416410 0.0384653 0.0394399 0.0385267 0.0406704 0.2101394 0.2059706 0.2074806 0.2057109 0.2043154 0.0373530 0.0434789 0.1947984 0.0399825 0.0432504 0.0392627 0.0403151 0.0483729 0.0396474 0.0348111 0.2007544 0.0423026 0.0444401 0.0400740 0.0441238 0.0461398 0.0424436 0.0450421 0.0424522 0.0408941 0.0415236 0.0440970 0.0446894 0.0399964 0.0440443 0.0420154 0.0414850 0.0458187 0.0432209 0.0422475 0.0421673 0.0430961 0.0445056 0.0428973 0.0464763 0.0415986 0.0408738 0.0419026 0.0454697 0.0398880 0.0457979 0.0407161 0.0428772 0.0445317 0.0410364 0.0440062 0.0391932 0.0482311 0.0419026 0.0418534 0.0445834 0.0448840 0.0447368 0.0419310 0.0398497 0.0463725 0.0389869 0.0475902 0.0566423 0.0475902 0.0494359 0.0466880 0.0494359 0.0494495 0.0576245 0.0566423 0.0475775 0.0585810 0.0484960 0.0497419 0.0476369 0.0557519 0.0476369 0.0485591 0.2010810 0.2079782 0.2103224 0.2103224 0.2028969 0.1877927 0.1997760 0.2028877 0.2013233 0.2064015 0.2014636 0.1946811 0.1953128 0.1877927 0.2013903 0.1893904 0.2046058 0.1893704 0.2013964 
105695_6217_7786_MF778066_B_NA_NA 0.0206102 0.0073269 0.0417156 0.0137158 0.0236734 0.0147450 0.0151632 0.0233132 0.0201029 0.0122466 0.0000000 0.0273128 0.0175101 0.0152717 0.0102408 0.0199767 0.0124259 0.0102696 0.0116321 0.0138295 0.1963793 0.2045977 0.0304205 0.0284235 0.2077934 0.2075613 0.0277049 0.2058718 0.0301724 0.1991149 0.0472910 0.0208544 0.0327884 0.0240191 0.2047729 0.0308287 0.2067354 0.0321336 0.1942775 0.0501360 0.0301532 0.0281801 0.0327157 0.1953268 0.0274753 0.0308370 0.0316233 0.0317191 0.0385056 0.0390074 0.0400683 0.0352685 0.0348658 0.0301350 0.0273855 0.0371740 0.0354412 0.0275920 0.1842754 0.0397469 0.0315937 0.0307414 0.0419033 0.0369439 0.0396631 0.0370228 0.0391488 0.1984573 0.1943766 0.1958491 0.1941353 0.1927682 0.0358426 0.0437220 0.1835579 0.0384624 0.0417222 0.0412502 0.0405427 0.0468102 0.0381160 0.0333335 0.1893188 0.0407759 0.0429027 0.0368049 0.0425898 0.0445948 0.0409160 0.0434881 0.0409250 0.0393651 0.0399991 0.0425368 0.0431405 0.0384720 0.0425126 0.0404768 0.0417181 0.0460723 0.0434613 0.0407229 0.0406453 0.0415704 0.0429616 0.0431385 0.0449222 0.0400757 0.0393493 0.0403717 0.0439234 0.0383714 0.0442445 0.0391973 0.0413395 0.0447784 0.0395086 0.0424592 0.0376735 0.0466714 0.0403717 0.0403241 0.0430400 0.0433337 0.0449859 0.0404004 0.0383345 0.0448216 0.0374752 0.0460285 0.0550276 0.0460285 0.0478654 0.0451302 0.0478654 0.0478788 0.0560049 0.0550276 0.0460162 0.0569570 0.0469304 0.0481651 0.0460736 0.0541398 0.0460736 0.0469917 0.1971196 0.1980917 0.2062943 0.2062943 0.1963709 0.1823388 0.1932940 0.1989171 0.1973627 0.1998003 0.1949552 0.1891493 0.1910041 0.1823388 0.1948844 0.1839189 0.1980530 0.1838995 0.1974345 
105695_6217_7786_MF778065_B_NA_NA 0.0262329 0.0262977 0.0560272 0.0327851 0.0182908 0.0248913 0.0223370 0.0232202 0.0256523 0.0271284 0.0273128 0.0000000 0.0231316 0.0252872 0.0316427 0.0322600 0.0255396 0.0282659 0.0296650 0.0314338 0.1932184 0.1991885 0.0275882 0.0265227 0.2051125 0.2030038 0.0153930 0.2044669 0.0249893 0.1959232 0.0488564 0.0199783 0.0308563 0.0222949 0.2015066 0.0272294 0.2012948 0.0265465 0.1873084 0.0537260 0.0264015 0.0279467 0.0305192 0.1921876 0.0254899 0.0270700 0.0262428 0.0320163 0.0371185 0.0340333 0.0368680 0.0305567 0.0328550 0.0263861 0.0271231 0.0330589 0.0323849 0.0263550 0.1812691 0.0348170 0.0277220 0.0238196 0.0398547 0.0336367 0.0358771 0.0313544 0.0341973 0.1952814 0.1873974 0.1888382 0.1871683 0.1858269 0.0354121 0.0379450 0.1768563 0.0325457 0.0383019 0.0281053 0.0356837 0.0451580 0.0366079 0.0280105 0.1824653 0.0340314 0.0413254 0.0337693 0.0394578 0.0401822 0.0359773 0.0435437 0.0396673 0.0326512 0.0369249 0.0393105 0.0399699 0.0346284 0.0375263 0.0336868 0.0368930 0.0391571 0.0367291 0.0339884 0.0357313 0.0384703 0.0414201 0.0345234 0.0452914 0.0370032 0.0380237 0.0407692 0.0442981 0.0353372 0.0426753 0.0361461 0.0398275 0.0404328 0.0363208 0.0409218 0.0363434 0.0470289 0.0407692 0.0407216 0.0434206 0.0417805 0.0398827 0.0371903 0.0353037 0.0451908 0.0344646 0.0426527 0.0513851 0.0426527 0.0444392 0.0417782 0.0444392 0.0444521 0.0523358 0.0513851 0.0444416 0.0532628 0.0435307 0.0447200 0.0426939 0.0505176 0.0426939 0.0435873 0.1797113 0.1873784 0.1901982 0.1901982 0.1825855 0.1687635 0.1796297 0.1831902 0.1817050 0.1876159 0.1812201 0.1752714 0.1753201 0.1687635 0.1811553 0.1702746 0.1841956 0.1702571 0.1817699 
105695_6223_7786_MF778064_B_NA_NA 0.0159145 0.0166569 0.0413087 0.0150447 0.0293394 0.0161096 0.0144402 0.0167539 0.0137629 0.0173387 0.0175101 0.0231316 0.0000000 0.0130281 0.0188236 0.0229889 0.0131762 0.0166680 0.0197988 0.0151091 0.2043685 0.2105718 0.0286019 0.0282159 0.2167029 0.2144926 0.0235245 0.2160239 0.0250872 0.2071505 0.0461124 0.0231334 0.0343458 0.0255054 0.2129243 0.0305802 0.2127238 0.0302473 0.1982354 0.0556344 0.0307466 0.0322686 0.0322901 0.2032777 0.0264673 0.0297902 0.0305696 0.0321115 0.0399989 0.0387516 0.0417139 0.0333371 0.0408358 0.0307279 0.0298212 0.0341825 0.0352123 0.0290393 0.1920287 0.0376901 0.0321842 0.0270888 0.0389794 0.0383183 0.0376064 0.0359645 0.0389324 0.2064611 0.1983413 0.1998210 0.1980948 0.1967231 0.0382602 0.0408461 0.1843733 0.0389774 0.0438158 0.0349385 0.0404490 0.0489344 0.0394956 0.0330446 0.1932488 0.0393994 0.0450050 0.0390498 0.0430981 0.0450963 0.0395369 0.0466115 0.0414396 0.0380038 0.0405176 0.0430720 0.0436508 0.0389985 0.0430205 0.0390930 0.0404806 0.0447692 0.0404544 0.0393487 0.0392746 0.0420812 0.0451107 0.0399571 0.0490752 0.0405933 0.0416472 0.0444537 0.0480539 0.0388957 0.0483941 0.0397181 0.0434875 0.0453083 0.0399042 0.0446148 0.0390599 0.0508424 0.0444537 0.0444018 0.0471610 0.0454897 0.0455181 0.0407893 0.0388586 0.0489660 0.0380026 0.0481872 0.0553148 0.0481872 0.0500271 0.0472879 0.0500271 0.0500407 0.0562852 0.0553148 0.0481744 0.0572305 0.0490900 0.0503339 0.0482341 0.0544337 0.0482341 0.0491534 0.1935106 0.2002422 0.2044125 0.2044125 0.1952776 0.1822462 0.1922238 0.1971176 0.1955794 0.2005383 0.1938721 0.1890102 0.1878250 0.1822462 0.1938021 0.1838156 0.1969466 0.1837964 0.1956499 
105695_6217_7786_MF778063_B_NA_NA 0.0159175 0.0115680 0.0437946 0.0100812 0.0282278 0.0182180 0.0182014 0.0190088 0.0160233 0.0108266 0.0152717 0.0252872 0.0130281 0.0000000 0.0228239 0.0182929 0.0109892 0.0146698 0.0190551 0.0166563 0.2058618 0.2101701 0.0316189 0.0296994 0.2163016 0.2160437 0.0256524 0.2156231 0.0265520 0.2086576 0.0505259 0.0237470 0.0358897 0.0269567 0.2144645 0.0320805 0.2123230 0.0333496 0.1996911 0.0580545 0.0349028 0.0328531 0.0375363 0.2047614 0.0304970 0.0355952 0.0347111 0.0354422 0.0416228 0.0402789 0.0432736 0.0365365 0.0414311 0.0348816 0.0304050 0.0384450 0.0367116 0.0305175 0.1934531 0.0392794 0.0363683 0.0311214 0.0421782 0.0400524 0.0417360 0.0382890 0.0404214 0.2079609 0.1997992 0.2012859 0.1995500 0.1981726 0.0389266 0.0450949 0.1888396 0.0416426 0.0455868 0.0396705 0.0419556 0.0507711 0.0412469 0.0370555 0.1946789 0.0427008 0.0467924 0.0404843 0.0464707 0.0485069 0.0428413 0.0454331 0.0447855 0.0413003 0.0438512 0.0464425 0.0470599 0.0423210 0.0463877 0.0424182 0.0438093 0.0482026 0.0437815 0.0426455 0.0425650 0.0454285 0.0448969 0.0432964 0.0488578 0.0439236 0.0431999 0.0442401 0.0478375 0.0422001 0.0481768 0.0430332 0.0432752 0.0468900 0.0414415 0.0444008 0.0415089 0.0506245 0.0442401 0.0441884 0.0469451 0.0452749 0.0471111 0.0423321 0.0421597 0.0487491 0.0412899 0.0479706 0.0569934 0.0479706 0.0498095 0.0470719 0.0498095 0.0498231 0.0579724 0.0569934 0.0479579 0.0589257 0.0488730 0.0501156 0.0480174 0.0561063 0.0480174 0.0489361 0.1950089 0.2017808 0.2040880 0.2040880 0.1967872 0.1819111 0.1937172 0.1967904 0.1952515 0.2002108 0.1953749 0.1886773 0.1893015 0.1819111 0.1953042 0.1834810 0.1984657 0.1834618 0.1953220 
105695_6223_7786_MF778062_B_NA_NA 0.0259077 0.0152089 0.0404840 0.0172848 0.0262243 0.0153606 0.0160247 0.0190370 0.0174502 0.0189681 0.0102408 0.0316427 0.0188236 0.0228239 0.0000000 0.0262344 0.0153618 0.0167474 0.0198903 0.0086457 0.1993299 0.2076143 0.0347228 0.0379766 0.2108272 0.2105863 0.0320837 0.2088922 0.0380947 0.2020799 0.0511017 0.0281849 0.0408495 0.0298823 0.2077761 0.0370071 0.2097596 0.0364778 0.1972110 0.0488340 0.0346072 0.0325445 0.0379358 0.1982646 0.0335114 0.0370343 0.0361094 0.0358376 0.0430284 0.0417046 0.0446082 0.0396607 0.0412049 0.0345856 0.0334170 0.0416270 0.0398479 0.0336680 0.1871472 0.0442567 0.0378198 0.0331331 0.0443780 0.0414408 0.0439789 0.0414547 0.0436556 0.2014123 0.1973144 0.1987942 0.1970689 0.1956965 0.0402945 0.0483729 0.1864215 0.0411565 0.0441769 0.0437860 0.0448866 0.0493311 0.0426551 0.0357650 0.1922239 0.0451369 0.0473113 0.0402355 0.0469866 0.0490390 0.0452803 0.0479488 0.0452883 0.0428337 0.0443472 0.0469296 0.0466797 0.0419240 0.0469024 0.0421842 0.0460974 0.0505852 0.0478764 0.0450776 0.0449917 0.0459350 0.0473899 0.0466815 0.0493951 0.0444194 0.0436913 0.0447404 0.0483659 0.0426825 0.0487096 0.0435217 0.0457358 0.0492366 0.0438612 0.0468915 0.0419875 0.0511744 0.0447404 0.0446879 0.0474669 0.0477827 0.0494757 0.0447685 0.0426412 0.0492846 0.0417643 0.0505321 0.0597525 0.0505321 0.0524088 0.0496155 0.0524088 0.0524227 0.0599658 0.0597525 0.0505186 0.0617226 0.0514524 0.0527287 0.0505819 0.0588507 0.0505819 0.0515191 0.1968048 0.2043533 0.2093060 0.2093060 0.1993201 0.1867976 0.1962266 0.2018816 0.2003189 0.2027797 0.1978979 0.1936769 0.1955453 0.1867976 0.1978261 0.1883932 0.2010124 0.1883733 0.2003917 
105695_6229_7786_MF778061_B_NA_NA 0.0136809 0.0160842 0.0511128 0.0175169 0.0318062 0.0222159 0.0246395 0.0288281 0.0255879 0.0139442 0.0199767 0.0322600 0.0229889 0.0182929 0.0262344 0.0000000 0.0217169 0.0200049 0.0192708 0.0213961 0.2113094 0.2157088 0.0355512 0.0324527 0.2219511 0.2182110 0.0327050 0.2212557 0.0302403 0.2141480 0.0570457 0.0256874 0.0381010 0.0305934 0.2166132 0.0359155 0.2178873 0.0373112 0.2082625 0.0620129 0.0353577 0.0349610 0.0353743 0.2134626 0.0325626 0.0377633 0.0351629 0.0404398 0.0477123 0.0443766 0.0474784 0.0405155 0.0436956 0.0353357 0.0324689 0.0424905 0.0407050 0.0325888 0.1986001 0.0433423 0.0368351 0.0359429 0.0494000 0.0442555 0.0451920 0.0423142 0.0445260 0.2167332 0.2083841 0.2099017 0.2047848 0.2067194 0.0430807 0.0494350 0.1971382 0.0457962 0.0491537 0.0448507 0.0461109 0.0544952 0.0454964 0.0403680 0.2031355 0.0461888 0.0503985 0.0439387 0.0500652 0.0521568 0.0463329 0.0471604 0.0483376 0.0447706 0.0473833 0.0500344 0.0506978 0.0458279 0.0499758 0.0459285 0.0473353 0.0518747 0.0491301 0.0461279 0.0460400 0.0489877 0.0484584 0.0468293 0.0525338 0.0474518 0.0467201 0.0477910 0.0514802 0.0456861 0.0518403 0.0465376 0.0467961 0.0505065 0.0449102 0.0479607 0.0449909 0.0524329 0.0477910 0.0477349 0.0505673 0.0488561 0.0507556 0.0458217 0.0456416 0.0524162 0.0447492 0.0516192 0.0608931 0.0516192 0.0535057 0.0506981 0.0535057 0.0535197 0.0618966 0.0608931 0.0516054 0.0628728 0.0525441 0.0538304 0.0516702 0.0599879 0.0516702 0.0526121 0.2073235 0.2156267 0.2167219 0.2167219 0.2104462 0.1938544 0.2072688 0.2091542 0.2075652 0.2140447 0.2089899 0.2008614 0.2027565 0.1938544 0.2089135 0.1954791 0.2121892 0.1954583 0.2076409 
105695_6217_7786_MF778060_B_NA_NA 0.0223751 0.0102022 0.0426671 0.0109178 0.0223135 0.0201181 0.0168406 0.0201052 0.0210063 0.0167430 0.0124259 0.0255396 0.0131762 0.0109892 0.0153618 0.0217169 0.0000000 0.0132760 0.0161503 0.0117127 0.2004076 0.2046480 0.0339868 0.0353933 0.2106985 0.2104574 0.0275396 0.2100336 0.0321224 0.2031747 0.0445392 0.0274768 0.0401070 0.0308077 0.2089070 0.0361368 0.2067856 0.0318816 0.1943279 0.0558810 0.0328524 0.0308204 0.0372124 0.1993334 0.0301259 0.0352592 0.0326659 0.0334011 0.0395287 0.0399716 0.0429833 0.0362052 0.0411341 0.0328321 0.0300334 0.0381259 0.0363811 0.0301457 0.1881522 0.0389662 0.0360376 0.0290967 0.0446016 0.0397409 0.0414396 0.0379701 0.0401147 0.2024992 0.1944270 0.1958994 0.1941857 0.1928186 0.0386090 0.0448158 0.1836082 0.0395510 0.0453130 0.0393627 0.0416594 0.0505254 0.0409422 0.0350091 0.1893692 0.0424098 0.0465251 0.0401772 0.0462018 0.0482495 0.0425511 0.0451561 0.0445064 0.0409989 0.0435662 0.0443500 0.0467924 0.0431310 0.0461187 0.0421230 0.0435244 0.0479414 0.0434965 0.0423545 0.0422740 0.0451540 0.0446180 0.0430067 0.0486012 0.0436394 0.0429103 0.0439566 0.0475756 0.0419051 0.0479160 0.0427436 0.0429862 0.0466227 0.0411414 0.0441179 0.0403066 0.0503784 0.0439566 0.0439049 0.0466777 0.0449975 0.0468435 0.0420378 0.0418646 0.0484923 0.0409892 0.0477092 0.0567803 0.0477092 0.0495587 0.0468052 0.0495587 0.0495723 0.0577644 0.0567803 0.0476965 0.0587227 0.0486168 0.0498657 0.0477560 0.0558882 0.0477560 0.0486801 0.1971700 0.2001800 0.2063443 0.2063443 0.1951900 0.1817088 0.1921206 0.1989674 0.1974131 0.1986062 0.1937772 0.1884978 0.1891247 0.1817088 0.1937070 0.1832839 0.1968674 0.1832647 0.1974848 
105695_6223_7786_MF778059_B_NA_NA 0.0222484 0.0094873 0.0455920 0.0137113 0.0245326 0.0186995 0.0160425 0.0208444 0.0177667 0.0160356 0.0102696 0.0282659 0.0166680 0.0146698 0.0167474 0.0200049 0.0132760 0.0000000 0.0108239 0.0130645 0.2005922 0.2067430 0.0358893 0.0336396 0.2128315 0.2106457 0.0304034 0.2121605 0.0320614 0.2033600 0.0553153 0.0258167 0.0382960 0.0291120 0.2090945 0.0360983 0.2088881 0.0357765 0.1945088 0.0582922 0.0355384 0.0334555 0.0371379 0.1995171 0.0310657 0.0362392 0.0353421 0.0389046 0.0470442 0.0428127 0.0458920 0.0389730 0.0402857 0.0355161 0.0309724 0.0409349 0.0391582 0.0312276 0.1883325 0.0426785 0.0370228 0.0344299 0.0478027 0.0426772 0.0436289 0.0407654 0.0438611 0.2026839 0.1946092 0.1960820 0.1943676 0.1930003 0.0415130 0.0478381 0.1837869 0.0432629 0.0475700 0.0415065 0.0445406 0.0528781 0.0439089 0.0388321 0.1895498 0.0446187 0.0488061 0.0423665 0.0484755 0.0505569 0.0447624 0.0474293 0.0467546 0.0431977 0.0458022 0.0484457 0.0490932 0.0442465 0.0483883 0.0443464 0.0457566 0.0502631 0.0475445 0.0445599 0.0444747 0.0474061 0.0468720 0.0452437 0.0509249 0.0458731 0.0451395 0.0462045 0.0498790 0.0441133 0.0502324 0.0449628 0.0452158 0.0489101 0.0433393 0.0463715 0.0434144 0.0527256 0.0462045 0.0461500 0.0489689 0.0472639 0.0491484 0.0442482 0.0440702 0.0488156 0.0431812 0.0500163 0.0592393 0.0500163 0.0518945 0.0490988 0.0518945 0.0519083 0.0602381 0.0592393 0.0500029 0.0612101 0.0509375 0.0522131 0.0500658 0.0583365 0.0500658 0.0510038 0.2011580 0.2016089 0.2123693 0.2123693 0.1966040 0.1896417 0.1935263 0.2048618 0.2032833 0.2019118 0.1951880 0.1965942 0.1966097 0.1896417 0.1951171 0.1912541 0.1982865 0.1912337 0.2033575 
105695_6217_7786_MF778058_B_NA_NA 0.0262243 0.0108368 0.0454297 0.0189386 0.0259744 0.0201475 0.0204955 0.0273887 0.0225248 0.0189300 0.0116321 0.0296650 0.0197988 0.0190551 0.0198903 0.0192708 0.0161503 0.0108239 0.0000000 0.0175865 0.2023835 0.2069671 0.0356167 0.0333616 0.2146790 0.2124796 0.0318219 0.2140036 0.0318170 0.2051605 0.0530112 0.0272107 0.0380089 0.0305155 0.2109189 0.0358277 0.2107146 0.0372202 0.1962710 0.0578733 0.0344206 0.0332034 0.0353284 0.2013000 0.0324808 0.0351151 0.0359167 0.0386151 0.0466980 0.0424955 0.0455535 0.0386816 0.0411123 0.0343993 0.0315555 0.0406299 0.0388650 0.0301599 0.1900745 0.0441366 0.0358900 0.0358552 0.0474516 0.0423579 0.0441890 0.0404628 0.0435371 0.2044775 0.1963740 0.1978514 0.1961299 0.1947592 0.0412023 0.0493225 0.1855056 0.0429418 0.0472230 0.0429523 0.0460049 0.0517269 0.0435808 0.0376782 0.1912943 0.0442905 0.0484507 0.0420502 0.0481225 0.0501909 0.0444332 0.0452349 0.0464121 0.0428766 0.0454653 0.0499217 0.0487337 0.0439179 0.0480363 0.0440171 0.0472270 0.0517577 0.0490188 0.0442324 0.0441483 0.0470605 0.0465282 0.0467213 0.0505550 0.0455362 0.0448062 0.0458642 0.0495161 0.0437872 0.0498662 0.0446317 0.0448821 0.0503925 0.0430178 0.0460297 0.0430914 0.0523454 0.0458642 0.0458104 0.0486113 0.0469167 0.0506404 0.0439213 0.0437446 0.0504419 0.0428612 0.0496524 0.0588179 0.0496524 0.0515191 0.0487404 0.0515191 0.0515329 0.0598109 0.0588179 0.0496391 0.0607773 0.0505680 0.0518347 0.0497013 0.0579200 0.0497013 0.0506336 0.1991297 0.2001040 0.2102573 0.2102573 0.1983759 0.1861058 0.1952878 0.2028073 0.2012397 0.2037105 0.1969558 0.1929811 0.1930025 0.1861058 0.1968844 0.1877005 0.2000649 0.1876807 0.1981186 
105695_6223_7786_MF778057_B_NA_NA 0.0242555 0.0130181 0.0377458 0.0136087 0.0244813 0.0152905 0.0182796 0.0174181 0.0130116 0.0197368 0.0138295 0.0314338 0.0151091 0.0166563 0.0086457 0.0213961 0.0117127 0.0130645 0.0175865 0.0000000 0.1990701 0.2032776 0.0327819 0.0360005 0.2092862 0.2090499 0.0318709 0.2086271 0.0327310 0.2018200 0.0528738 0.0280787 0.0407201 0.0314097 0.2075123 0.0384820 0.2054037 0.0345120 0.1930329 0.0505501 0.0362105 0.0341219 0.0378110 0.1980059 0.0317309 0.0369111 0.0360126 0.0357169 0.0428954 0.0414414 0.0444734 0.0376559 0.0428271 0.0361879 0.0316375 0.0395884 0.0378362 0.0317548 0.1857347 0.0404298 0.0376954 0.0330408 0.0442437 0.0413095 0.0420816 0.0394264 0.0415863 0.2011524 0.1931304 0.1945942 0.1928919 0.1915311 0.0401653 0.0464091 0.1823837 0.0428243 0.0440439 0.0417628 0.0429761 0.0491915 0.0425219 0.0373666 0.1881046 0.0430537 0.0471742 0.0399516 0.0468499 0.0489000 0.0431951 0.0458079 0.0451535 0.0407707 0.0442133 0.0449963 0.0465423 0.0417926 0.0467659 0.0418899 0.0441706 0.0485969 0.0459327 0.0429975 0.0411611 0.0457998 0.0452663 0.0427704 0.0492550 0.0442857 0.0435581 0.0446058 0.0482273 0.0425507 0.0485701 0.0433891 0.0436338 0.0472732 0.0417871 0.0447681 0.0418561 0.0510328 0.0446058 0.0445534 0.0473291 0.0456480 0.0474981 0.0426836 0.0425097 0.0491450 0.0416339 0.0483615 0.0574454 0.0483615 0.0502126 0.0474568 0.0502126 0.0502262 0.0576534 0.0574454 0.0483486 0.0593899 0.0492697 0.0505218 0.0484089 0.0565531 0.0484089 0.0493337 0.1958540 0.2000837 0.2049697 0.2049697 0.1951113 0.1827093 0.1920532 0.1944865 0.1960967 0.1985150 0.1937037 0.1895027 0.1913521 0.1827093 0.1936337 0.1842854 0.1967825 0.1842661 0.1961677 
105695_6217_7786_MF778056_B_NA_NA 0.1982842 0.2008275 0.1923874 0.2023296 0.1854933 0.1956712 0.1985496 0.2037712 0.2019922 0.2047889 0.1963793 0.1932184 0.2043685 0.2058618 0.1993299 0.2113094 0.2004076 0.2005922 0.2023835 0.1990701 0.0000000 0.0257421 0.1679676 0.1798877 0.0224489 0.0142470 0.1892818 0.0201085 0.1675575 0.0059140 0.1724823 0.1757684 0.1707881 0.1806826 0.0187935 0.1902727 0.0148775 0.1789603 0.0143775 0.1763195 0.1688408 0.1821799 0.1721907 0.0066208 0.1848328 0.1721585 0.1701414 0.1755789 0.1691986 0.1754040 0.1640754 0.1692667 0.1789525 0.1686950 0.1756543 0.1746405 0.1692831 0.1731829 0.0158106 0.1734884 0.1752815 0.1777291 0.1758864 0.1580404 0.1777291 0.1739223 0.1771752 0.0093708 0.0143417 0.0150550 0.0143635 0.0136234 0.1626816 0.1687191 0.0233323 0.1741682 0.1864894 0.1817697 0.1797205 0.1716618 0.1653486 0.1730137 0.0165339 0.1660535 0.1578538 0.1619731 0.1605286 0.1676578 0.1619228 0.1660639 0.1622617 0.1610477 0.1585615 0.1676231 0.1659672 0.1614274 0.1602531 0.1631548 0.1616824 0.1665259 0.1623282 0.1657773 0.1654546 0.1571845 0.1588755 0.1664579 0.1550532 0.1592859 0.1600160 0.1576279 0.1537822 0.1552373 0.1594388 0.1578538 0.1593594 0.1674806 0.1563340 0.1558128 0.1561276 0.1619848 0.1576279 0.1546636 0.1619986 0.1571321 0.1592931 0.1607273 0.1564815 0.1619523 0.1551139 0.1670073 0.1415759 0.1670073 0.1699540 0.1656003 0.1699540 0.1699868 0.1419421 0.1415759 0.1669584 0.1442936 0.1684189 0.1686667 0.1672001 0.1404242 0.1672001 0.1686556 0.0344403 0.0289573 0.0547275 0.0547275 0.0281449 0.0510642 0.0265780 0.0458274 0.0449356 0.0386399 0.0289556 0.0422057 0.0372132 0.0510642 0.0257847 0.0520154 0.0257847 0.0520153 0.0467516 
105695_6217_7786_MF778055_B_NA_NA 0.2070214 0.2050610 0.2070585 0.2065858 0.1912950 0.2043447 0.2068009 0.2080384 0.2093767 0.2132376 0.2045977 0.1991885 0.2105718 0.2101701 0.2076143 0.2157088 0.2046480 0.2067430 0.2069671 0.2032776 0.0257421 0.0000000 0.1855419 0.1906563 0.0074413 0.0251606 0.1933366 0.0060200 0.1845858 0.0259085 0.1875705 0.1918726 0.1877918 0.1938881 0.0267094 0.2023573 0.0155250 0.1884840 0.0179732 0.1889804 0.1777639 0.1832515 0.1834251 0.0225492 0.1828791 0.1723049 0.1843300 0.1763697 0.1684289 0.1720503 0.1647906 0.1659393 0.1835668 0.1776070 0.1791459 0.1734999 0.1659596 0.1750282 0.0281804 0.1662114 0.1810869 0.1808530 0.1804683 0.1605345 0.1775302 0.1676356 0.1744953 0.0194176 0.0248853 0.0256688 0.0201526 0.0240908 0.1698511 0.1720525 0.0264279 0.1806681 0.1912688 0.1743795 0.1759930 0.1810623 0.1660747 0.1774970 0.0224730 0.1651155 0.1667093 0.1645405 0.1665901 0.1739116 0.1609718 0.1667929 0.1683721 0.1635899 0.1674563 0.1768491 0.1702697 0.1675297 0.1634056 0.1657343 0.1671199 0.1698092 0.1713764 0.1648393 0.1645165 0.1660330 0.1613781 0.1690899 0.1671952 0.1652909 0.1660601 0.1635872 0.1568017 0.1611375 0.1654573 0.1638195 0.1618630 0.1707642 0.1587894 0.1582666 0.1620766 0.1709866 0.1635872 0.1605392 0.1661997 0.1596053 0.1624401 0.1632575 0.1624111 0.1661518 0.1610074 0.1696320 0.1465188 0.1696320 0.1726251 0.1682035 0.1726251 0.1697249 0.1468966 0.1465188 0.1695819 0.1492987 0.1710652 0.1713194 0.1698300 0.1453457 0.1698300 0.1713082 0.0373288 0.0324648 0.0552118 0.0552118 0.0316103 0.0506060 0.0299666 0.0469336 0.0460338 0.0372736 0.0324634 0.0393703 0.0421169 0.0506060 0.0291329 0.0515595 0.0307739 0.0515595 0.0478667 
105695_6217_7786_MF778054_B_NA_NA 0.0259314 0.0326936 0.0469489 0.0359818 0.0357429 0.0244673 0.0285008 0.0320626 0.0312573 0.0302156 0.0304205 0.0275882 0.0286019 0.0316189 0.0347228 0.0355512 0.0339868 0.0358893 0.0356167 0.0327819 0.1679676 0.1855419 0.0000000 0.0201265 0.1844593 0.1728402 0.0203441 0.1838715 0.0185110 0.1713717 0.0375727 0.0169075 0.0201999 0.0192598 0.1712475 0.0207294 0.1793725 0.0153940 0.1674946 0.0427962 0.0176902 0.0256194 0.0193333 0.1688807 0.0232210 0.0176816 0.0199800 0.0247060 0.0256803 0.0251906 0.0261393 0.0202892 0.0256538 0.0176793 0.0209248 0.0209249 0.0219444 0.0161448 0.1630052 0.0248967 0.0177096 0.0199194 0.0276265 0.0226136 0.0273262 0.0227022 0.0243708 0.1733261 0.1659044 0.1672689 0.1657074 0.1644275 0.0235443 0.0264957 0.1532526 0.0246842 0.0297417 0.0264298 0.0299247 0.0326163 0.0245773 0.0184461 0.1612848 0.0232814 0.0283018 0.0234383 0.0265792 0.0281956 0.0233915 0.0312955 0.0275338 0.0241194 0.0257983 0.0298135 0.0291992 0.0249887 0.0265298 0.0250647 0.0281897 0.0303844 0.0297917 0.0232530 0.0216578 0.0256969 0.0283468 0.0274587 0.0327226 0.0258770 0.0259941 0.0285306 0.0326478 0.0235250 0.0320721 0.0242886 0.0276706 0.0316664 0.0244198 0.0286511 0.0244184 0.0343610 0.0285306 0.0284975 0.0309965 0.0294555 0.0310811 0.0252355 0.0235032 0.0326505 0.0235032 0.0319274 0.0383242 0.0319274 0.0336056 0.0311034 0.0336056 0.0327645 0.0392102 0.0383242 0.0319190 0.0400776 0.0327547 0.0328028 0.0319575 0.0375019 0.0319575 0.0327982 0.1615724 0.1688242 0.1768739 0.1768739 0.1642875 0.1601577 0.1614781 0.1672526 0.1687358 0.1754731 0.1629824 0.1635579 0.1573074 0.1601577 0.1629250 0.1616227 0.1658100 0.1616064 0.1717196 
