120
10586_7023_7637_AF138651_B_NA_NA 0.0000000 0.0604394 0.0476164 0.0564136 0.0513920 0.0643731 0.0518738 0.0560863 0.1600381 0.1252788 0.1026747 0.1386538 0.1076318 0.1368496 0.1290270 0.1046377 0.1298050 0.1293274 0.1180998 0.1180998 0.1092250 0.1290619 0.1167428 0.1248150 0.1004251 0.1119492 0.1250544 0.1030318 0.1185522 0.1247779 0.1154290 0.1107944 0.1073547 0.1222345 0.1206276 0.1127718 0.1175913 0.1079670 0.1173034 0.1142592 0.0564919 0.1357824 0.0817488 0.1131002 0.1413397 0.0560275 0.1047675 0.0810041 0.1404029 0.1087067 0.0323012 0.0587615 0.1142276 0.0944783 0.1106752 0.1008674 0.1074147 0.1479749 0.1023654 0.1097923 0.1392554 0.1075272 0.1002461 0.1063069 0.1460494 0.1130525 0.1183074 0.1204959 0.1170098 0.1025581 0.0828960 0.1167424 0.1126735 0.0953992 0.1028623 0.1739624 0.1015789 0.1098752 0.1188199 0.1699660 0.0839908 0.0968237 0.1367303 0.1070783 0.0990080 0.0842792 0.1036927 0.0990308 0.1078638 0.0785904 0.1163531 0.1516180 0.0993653 0.1123977 0.1016071 0.1068348 0.1069655 0.1165047 0.1158904 0.1012374 0.1035615 0.1079531 0.1058379 0.1361227 0.1016071 0.1078638 0.1078638 0.1061122 0.0985032 0.0936757 0.1196382 0.1071832 0.1021635 0.1010251 0.1069655 0.0985032 0.1100688 0.1037786 0.1129929 0.1035615 
10586_7023_7637_AF138650_B_NA_NA 0.0604394 0.0000000 0.0657016 0.0387742 0.0342140 0.0529976 0.0143055 0.0106080 0.1477160 0.1234549 0.1214880 0.1218540 0.1031235 0.1187984 0.1133742 0.1252561 0.1217903 0.1129367 0.1152981 0.1152981 0.1064716 0.1127123 0.1401870 0.1156985 0.1283789 0.1091843 0.1094621 0.1312078 0.1157396 0.1219336 0.1075894 0.1029777 0.1050476 0.1142528 0.1178198 0.1099934 0.1148001 0.1056514 0.1149698 0.1119294 0.0198727 0.1134554 0.1177081 0.1107858 0.1222121 0.0033921 0.1024637 0.1074649 0.1144444 0.1113196 0.0450368 0.0817512 0.1337556 0.1079547 0.1268652 0.0802607 0.0956941 0.1200502 0.0944066 0.0992569 0.1410125 0.0843114 0.0952682 0.0836563 0.1236864 0.0799077 0.0876248 0.0992633 0.1066015 0.0996968 0.0489831 0.0942960 0.0937976 0.0823100 0.0768945 0.1372105 0.0859109 0.0931435 0.0997014 0.1393698 0.0813387 0.0673018 0.1261695 0.0955359 0.0715056 0.0649149 0.0780607 0.0787730 0.0964432 0.0597136 0.0893614 0.1297929 0.0764671 0.0957795 0.0856729 0.0905830 0.0906902 0.1100808 0.1041980 0.0899751 0.0922311 0.1015980 0.0995116 0.1261762 0.0906902 0.1015138 0.1015138 0.0997680 0.0873557 0.0935844 0.1130896 0.0956340 0.0907989 0.0897863 0.0906902 0.0873557 0.0982923 0.0924246 0.0962988 0.0922311 
10586_7023_7637_AF138649_B_NA_NA 0.0476164 0.0657016 0.0000000 0.0706141 0.0698479 0.0542335 0.0571797 0.0613637 0.1379208 0.1422252 0.1059918 0.1473490 0.1262752 0.1479273 0.1501010 0.0903730 0.1384234 0.1379923 0.1406588 0.1406588 0.1314579 0.1377106 0.0984469 0.1477125 0.1040372 0.1342561 0.1372331 0.1065848 0.1383419 0.1505356 0.1307232 0.1261137 0.1225735 0.1376994 0.1432185 0.1351757 0.1400700 0.1232447 0.1327714 0.1296778 0.0618054 0.1498778 0.1029360 0.1284103 0.1447430 0.0613021 0.1199439 0.0875558 0.1081820 0.0945916 0.0446200 0.0656241 0.0941569 0.0971837 0.1086748 0.0907628 0.0985095 0.1476205 0.1067882 0.1117683 0.1455964 0.0901789 0.0994900 0.0884547 0.1365251 0.0974005 0.1073958 0.1016307 0.1034509 0.0973242 0.0738222 0.1011247 0.1000773 0.0783370 0.0988738 0.1626296 0.0859375 0.0947941 0.0973410 0.1529119 0.0733682 0.0756353 0.1401081 0.0921335 0.0822954 0.0879195 0.0867569 0.0976181 0.0930725 0.0822105 0.0933888 0.1280527 0.0825849 0.0970051 0.0867789 0.0917461 0.0918559 0.1060973 0.0950135 0.0866725 0.0889006 0.0931509 0.0910900 0.1193709 0.0867789 0.0930725 0.0930725 0.0963265 0.0840958 0.0842363 0.1090949 0.0897801 0.0850439 0.0864911 0.0918559 0.0840958 0.0999645 0.0890866 0.0975333 0.0889006 
10586_7023_7637_AF138648_B_NA_NA 0.0564136 0.0387742 0.0706141 0.0000000 0.0033346 0.0536109 0.0307018 0.0346957 0.1319582 0.0925507 0.1137799 0.1110154 0.0874364 0.1196199 0.0991680 0.1199852 0.1211731 0.1103437 0.0897847 0.0897847 0.0817920 0.1101257 0.1333812 0.0957188 0.1219862 0.0842772 0.1097562 0.1247191 0.0901100 0.0983194 0.0969458 0.0924860 0.0893187 0.1032429 0.0921331 0.0849243 0.0894003 0.0898333 0.0985257 0.0921457 0.0330538 0.1005641 0.0950934 0.0947017 0.0963042 0.0346550 0.0868915 0.0915348 0.1036005 0.1009332 0.0447503 0.0564842 0.1229368 0.0865352 0.1043803 0.0640014 0.0847228 0.1141255 0.0900909 0.0782279 0.1331089 0.0795522 0.0780111 0.0748336 0.1093828 0.0791526 0.0822672 0.0933032 0.0907729 0.0766340 0.0525769 0.0903494 0.0889334 0.0738044 0.0714484 0.1336180 0.0734437 0.0886465 0.0965914 0.1357568 0.0767849 0.0605805 0.1314747 0.0860031 0.0720650 0.0608608 0.0693466 0.0765728 0.0824557 0.0557452 0.0823086 0.1255835 0.0723209 0.0871033 0.0771407 0.0819885 0.0820862 0.0938274 0.0953587 0.0806163 0.0828381 0.0895118 0.0874398 0.1131410 0.0820862 0.0894352 0.0894352 0.0902096 0.0780644 0.0746643 0.1040973 0.0860960 0.0813636 0.0804446 0.0820862 0.0780644 0.0951059 0.0830142 0.0875930 0.0828381 
10586_7023_7637_AF138647_B_NA_NA 0.0513920 0.0342140 0.0698479 0.0033346 0.0000000 0.0486937 0.0263288 0.0302339 0.1390653 0.0988611 0.1124904 0.1178357 0.0864405 0.1182537 0.1057015 0.1186120 0.1143953 0.1090785 0.0887647 0.0887647 0.0808571 0.1088650 0.1319237 0.0946311 0.1206432 0.0833170 0.1085031 0.1233492 0.0890833 0.0972067 0.0958585 0.0914386 0.0883081 0.1020843 0.0910907 0.0839534 0.0883872 0.0888138 0.0974109 0.0945932 0.0285880 0.0994304 0.0939971 0.0936343 0.0952261 0.0301980 0.0859061 0.0904838 0.1024582 0.1020163 0.0400751 0.0558466 0.1161179 0.0926483 0.1032449 0.0632820 0.0837920 0.1128811 0.0840807 0.0773376 0.1316745 0.0786772 0.0771267 0.0739853 0.1081969 0.0782660 0.0813421 0.0922822 0.0897770 0.0757946 0.0519737 0.0893359 0.0879699 0.0729992 0.0661003 0.1321774 0.0726465 0.0876677 0.0955515 0.1342996 0.0759445 0.0599033 0.1300262 0.0850506 0.0712688 0.0601805 0.0685847 0.0757351 0.0815505 0.0551231 0.0814041 0.1242391 0.0715197 0.0861282 0.0762682 0.0810668 0.0811626 0.1000137 0.0942939 0.0797225 0.0819236 0.0885370 0.0864820 0.1119090 0.0811626 0.0884616 0.0884616 0.0892212 0.0771984 0.0738176 0.1029376 0.0851414 0.0804563 0.0795540 0.0811626 0.0771984 0.0940467 0.0820966 0.0866104 0.0819236 
10586_7023_7637_AF138646_B_NA_NA 0.0643731 0.0529976 0.0542335 0.0536109 0.0486937 0.0000000 0.0446943 0.0487865 0.1376910 0.1157185 0.1056362 0.1248843 0.0943525 0.1275816 0.1094354 0.1162224 0.1246510 0.1160639 0.1166092 0.1166092 0.1078618 0.1158363 0.1305450 0.1232198 0.1311768 0.1105489 0.1154509 0.1339690 0.1170507 0.1231860 0.1017250 0.0972585 0.0940483 0.1080964 0.1191043 0.1072452 0.1161122 0.0945837 0.1033659 0.1004925 0.0491280 0.1208464 0.1185505 0.0994783 0.1186670 0.0487341 0.0916009 0.0848394 0.1157089 0.0824724 0.0293909 0.0702411 0.1227672 0.0833174 0.1224458 0.0891256 0.0926071 0.1311268 0.0725990 0.0821973 0.1480339 0.0839493 0.0705886 0.0797083 0.1177284 0.0861517 0.0957748 0.0947387 0.0842253 0.0808305 0.0632424 0.0807240 0.0933862 0.0840732 0.0738175 0.1494711 0.0880803 0.0846331 0.0909944 0.1457416 0.0760381 0.0668356 0.1312471 0.0820534 0.0712137 0.0693251 0.0755886 0.0833184 0.0830951 0.0640377 0.0818618 0.1308966 0.0714639 0.0865661 0.0766765 0.0864634 0.0815860 0.1004923 0.0947565 0.0768195 0.0789937 0.0935275 0.0859645 0.1135591 0.0815860 0.0879313 0.0879313 0.0861856 0.0743352 0.0742181 0.1034242 0.0821429 0.0775244 0.0766575 0.0815860 0.0743352 0.0945074 0.0791601 0.0870507 0.0789937 
10586_7023_7636_AF138645_B_NA_NA 0.0518738 0.0143055 0.0571797 0.0307018 0.0263288 0.0446943 0.0000000 0.0106646 0.1367538 0.1127440 0.1108880 0.1112734 0.0930005 0.1139358 0.1029155 0.1145736 0.1114027 0.1025204 0.1048594 0.1048594 0.0962251 0.1023189 0.1294162 0.1052189 0.1178091 0.0988908 0.0991652 0.1205942 0.1052595 0.1113256 0.1028686 0.0982563 0.0949340 0.1039156 0.1073544 0.0996472 0.1044007 0.0954906 0.1045782 0.1016047 0.0105411 0.1086877 0.1070759 0.1005487 0.1117337 0.0106507 0.0924044 0.0969566 0.1042868 0.1010288 0.0368234 0.0724546 0.1232556 0.0976094 0.1165857 0.0709662 0.0861877 0.1176774 0.0846759 0.0892646 0.1304785 0.0751586 0.0854664 0.0743991 0.1134548 0.0708332 0.0850868 0.0898263 0.0967347 0.0902210 0.0407238 0.0847438 0.0845052 0.0731720 0.0679295 0.1411811 0.0768113 0.0887154 0.0902228 0.1433878 0.0723188 0.0585706 0.1198518 0.0860649 0.0627169 0.0562504 0.0691790 0.0698092 0.0870807 0.0512329 0.0801034 0.1244846 0.0675459 0.0933231 0.0830823 0.0880596 0.0881661 0.1078015 0.1018428 0.0806637 0.0828914 0.0921317 0.0900484 0.1213024 0.0881661 0.0920531 0.0920531 0.0902830 0.0781064 0.0910914 0.1108505 0.0861582 0.0814132 0.0804917 0.0881661 0.0781064 0.0958709 0.0830680 0.0938429 0.0828914 
10586_7023_7637_AF138644_B_NA_NA 0.0560863 0.0106080 0.0613637 0.0346957 0.0302339 0.0487865 0.0106646 0.0000000 0.1419908 0.1179040 0.1159975 0.1163734 0.0979109 0.1133453 0.1079711 0.1197168 0.1164097 0.1075563 0.1099018 0.1099018 0.1011896 0.1073442 0.1345752 0.1102803 0.1228924 0.1038734 0.1041494 0.1256936 0.1103212 0.1164385 0.1078242 0.1032044 0.0998364 0.1089109 0.1124054 0.1046543 0.1094250 0.1004151 0.1095987 0.1065980 0.0182365 0.1137028 0.1122080 0.1055014 0.1167832 0.0070206 0.0972850 0.1021459 0.1091951 0.1060065 0.0408803 0.0769954 0.1282956 0.1026198 0.1215318 0.0755092 0.0908092 0.1229023 0.0894093 0.0941175 0.1355222 0.0796252 0.0902333 0.0789182 0.1183829 0.0752684 0.0897265 0.0944089 0.1015149 0.0948218 0.0447987 0.0893901 0.0890260 0.0776344 0.0723152 0.1463355 0.0812498 0.0933399 0.0948250 0.1485387 0.0767251 0.0628551 0.1249172 0.0906698 0.0670237 0.0605055 0.0735223 0.0741916 0.0916315 0.0554040 0.0846129 0.1294817 0.0719107 0.0980801 0.0877536 0.0927687 0.0928806 0.1127089 0.1066934 0.0851995 0.0874375 0.0967245 0.0946433 0.1291271 0.0928806 0.0966433 0.0966433 0.0948883 0.0826158 0.0958438 0.1157871 0.0907654 0.0859840 0.0850195 0.0928806 0.0826158 0.1006462 0.0876220 0.0986163 0.0874375 
10586_7023_7637_AF138643_B_NA_NA 0.1600381 0.1477160 0.1379208 0.1319582 0.1390653 0.1376910 0.1367538 0.1419908 0.0000000 0.0549422 0.0674442 0.0376212 0.0373047 0.0441132 0.0459227 0.0574427 0.0187660 0.0403785 0.0554170 0.0554170 0.0487288 0.0403198 0.0427063 0.0466032 0.0469328 0.0508468 0.0402089 0.0489760 0.0553325 0.0624969 0.0474483 0.0456862 0.0433574 0.0521589 0.0574667 0.0528739 0.0551837 0.0435855 0.0482135 0.0434793 0.1401842 0.0824303 0.0861531 0.0455394 0.0921273 0.1418635 0.0455696 0.0779878 0.0679857 0.0712748 0.1287395 0.1515312 0.1018645 0.0835089 0.1054530 0.0604471 0.1684115 0.1345426 0.0823932 0.0924417 0.1499413 0.1674900 0.0709813 0.1921546 0.1287604 0.1858725 0.1831080 0.1741990 0.0836293 0.1685450 0.1304524 0.1578655 0.1813550 0.1484068 0.1619680 0.1445259 0.1606843 0.1641500 0.1543496 0.1431405 0.1659723 0.1400989 0.1510008 0.1609376 0.1523143 0.1475580 0.1516429 0.1656459 0.1623966 0.1400964 0.1610538 0.1148250 0.1529074 0.1419053 0.1301386 0.1358132 0.1359841 0.1434990 0.1435576 0.1538002 0.1564170 0.1763305 0.1671267 0.1246094 0.1301386 0.1562768 0.1562768 0.1532802 0.1505432 0.1364422 0.1562230 0.1610711 0.1514414 0.1534727 0.1359841 0.1505432 0.1454197 0.1567504 0.1426208 0.1503543 
10586_7023_7637_AF138642_B_NA_NA 0.1252788 0.1234549 0.1422252 0.0925507 0.0988611 0.1157185 0.1127440 0.1179040 0.0549422 0.0000000 0.0774581 0.0425376 0.0314338 0.0498731 0.0397671 0.0777954 0.0488350 0.0385881 0.0236498 0.0236498 0.0178994 0.0411203 0.0903457 0.0276978 0.0804632 0.0197604 0.0410053 0.0828498 0.0198179 0.0257595 0.0414070 0.0396374 0.0373830 0.0459922 0.0255047 0.0161056 0.0235459 0.0375773 0.0420852 0.0374876 0.1159805 0.0357708 0.0443255 0.0395138 0.0462833 0.1177931 0.0377256 0.0635480 0.0607374 0.0751568 0.1010633 0.0980359 0.0982586 0.0596638 0.0817673 0.0489575 0.1404457 0.1071294 0.0713552 0.0532546 0.1266177 0.1395244 0.0555118 0.1660618 0.1017946 0.1602438 0.1596759 0.1644103 0.0670639 0.1453174 0.1070691 0.1430609 0.1544104 0.1476588 0.1377038 0.1273514 0.1408621 0.1495001 0.1563651 0.1340421 0.1378496 0.1139544 0.1233741 0.1463021 0.1288750 0.1241849 0.1341355 0.1416933 0.1540205 0.1171262 0.1492006 0.1164988 0.1293796 0.1250674 0.1158708 0.1190938 0.1192460 0.1204942 0.1296179 0.1393151 0.1390114 0.1573485 0.1556881 0.1114426 0.1164388 0.1572165 0.1572165 0.1388342 0.1361068 0.1133952 0.1360563 0.1429746 0.1369305 0.1365521 0.1192460 0.1361068 0.1256142 0.1422409 0.1257352 0.1419313 
10586_7023_7637_AF138641_B_NA_NA 0.1026747 0.1214880 0.1059918 0.1137799 0.1124904 0.1056362 0.1108880 0.1159975 0.0674442 0.0774581 0.0000000 0.0639222 0.0639658 0.0687865 0.0440581 0.0220095 0.0664117 0.0587996 0.0789296 0.0789296 0.0715917 0.0612782 0.0330979 0.0642733 0.0292790 0.0738856 0.0611001 0.0312194 0.0788087 0.0867439 0.0752364 0.0734610 0.0706969 0.0806888 0.0811126 0.0708962 0.0786050 0.0711001 0.0764213 0.0739199 0.1140817 0.1000679 0.0399593 0.0731897 0.1020215 0.1158888 0.0662979 0.0400882 0.1060030 0.0527931 0.0928802 0.0987113 0.0644233 0.0574874 0.0713614 0.0617827 0.1341070 0.1140299 0.0569246 0.0739304 0.1012408 0.1380993 0.0549409 0.1636088 0.1011185 0.1578757 0.1548730 0.1459857 0.0759837 0.1377199 0.1053105 0.1350569 0.1438566 0.1407665 0.1462803 0.1289076 0.1316726 0.1295661 0.1493537 0.1198902 0.1072441 0.1216049 0.1086651 0.1265009 0.1280834 0.1169357 0.1275172 0.1340820 0.1281945 0.1100767 0.1362151 0.1178829 0.1285842 0.1056859 0.0947556 0.1000562 0.1001820 0.1184269 0.1120812 0.1199557 0.1196939 0.1371890 0.1378034 0.0961901 0.0975203 0.1311890 0.1311890 0.1195432 0.1169226 0.1005244 0.1216758 0.1233684 0.1176198 0.1196939 0.1001820 0.1169226 0.1117521 0.1227480 0.1062730 0.1167754 
10586_7023_7637_AF138640_B_NA_NA 0.1386538 0.1218540 0.1473490 0.1110154 0.1178357 0.1248843 0.1112734 0.1163734 0.0376212 0.0425376 0.0639222 0.0000000 0.0296631 0.0195112 0.0257943 0.0510763 0.0318262 0.0121943 0.0385321 0.0385321 0.0322411 0.0121806 0.0755497 0.0260810 0.0660496 0.0342546 0.0121503 0.0683491 0.0386503 0.0430514 0.0398177 0.0380292 0.0337712 0.0444136 0.0405089 0.0389253 0.0383633 0.0359604 0.0404789 0.0358742 0.1144635 0.0630683 0.0727893 0.0379105 0.0757605 0.1162647 0.0379334 0.0740110 0.0661809 0.0581728 0.1140387 0.1384681 0.0891964 0.0704422 0.1049288 0.0606822 0.1396179 0.1144530 0.0771437 0.0785237 0.1281848 0.1412666 0.0656765 0.1662119 0.1085296 0.1554075 0.1598933 0.1570807 0.0777822 0.1542979 0.1112345 0.1475681 0.1524840 0.1405837 0.1358048 0.1285810 0.1418790 0.1539495 0.1549084 0.1329822 0.1310724 0.1182654 0.1272885 0.1507521 0.1248447 0.1120106 0.1242967 0.1289548 0.1435551 0.1052654 0.1387878 0.1096687 0.1253296 0.1292593 0.1176623 0.1232653 0.1234220 0.1339273 0.1338576 0.1437308 0.1463428 0.1456962 0.1543955 0.1185831 0.1206090 0.1527490 0.1527490 0.1432387 0.1405130 0.1238436 0.1464349 0.1474119 0.1413582 0.1434203 0.1234220 0.1405130 0.1357595 0.1466592 0.1299383 0.1403350 
10586_7023_7637_AF138639_B_NA_NA 0.1076318 0.1031235 0.1262752 0.0874364 0.0864405 0.0943525 0.0930005 0.0979109 0.0373047 0.0314338 0.0639658 0.0296631 0.0000000 0.0315364 0.0273901 0.0661905 0.0270232 0.0236863 0.0214896 0.0214896 0.0158589 0.0218821 0.0685574 0.0254436 0.0594987 0.0176842 0.0235948 0.0616950 0.0215499 0.0273849 0.0118793 0.0102010 0.0067132 0.0155637 0.0233128 0.0195786 0.0213952 0.0084605 0.0120783 0.0102853 0.0959692 0.0484265 0.0555549 0.0101767 0.0569929 0.0978166 0.0101797 0.0529587 0.0503258 0.0722740 0.0861800 0.1093339 0.0961403 0.0576588 0.0802837 0.0393108 0.1288240 0.0989993 0.0559033 0.0591325 0.1209180 0.1268139 0.0412083 0.1510757 0.0941248 0.1468100 0.1449911 0.1373660 0.0563919 0.1204725 0.0985742 0.1200545 0.1376475 0.1172609 0.1230984 0.1132926 0.1230738 0.1263462 0.1339483 0.1175184 0.1193987 0.1050453 0.1095979 0.1233603 0.1112705 0.1064760 0.1162870 0.1229302 0.1281573 0.0999650 0.1301898 0.0999354 0.1116940 0.1034899 0.0928031 0.0979886 0.0981095 0.1098528 0.1075198 0.1170059 0.1194693 0.1379921 0.1267401 0.0944179 0.0955063 0.1310982 0.1310982 0.1166113 0.1140560 0.0927136 0.1129592 0.1203169 0.1147218 0.1167553 0.0981095 0.1140560 0.1034899 0.1197253 0.1040585 0.1194693 
10586_7023_7637_AF138638_B_NA_NA 0.1368496 0.1187984 0.1479273 0.1196199 0.1182537 0.1275816 0.1139358 0.1133453 0.0441132 0.0498731 0.0687865 0.0195112 0.0315364 0.0000000 0.0241726 0.0556081 0.0377780 0.0139390 0.0404878 0.0404878 0.0341568 0.0139231 0.0806294 0.0279545 0.0709560 0.0361802 0.0138884 0.0732952 0.0406126 0.0450446 0.0417521 0.0399660 0.0356742 0.0463896 0.0424716 0.0408994 0.0403115 0.0378844 0.0424420 0.0402581 0.1171568 0.0651970 0.0730240 0.0398400 0.0779959 0.1132386 0.0398647 0.0742484 0.0683533 0.0642821 0.1166194 0.1390040 0.0914965 0.0770794 0.1073843 0.0627915 0.1484781 0.1226265 0.0793617 0.0807792 0.1366517 0.1479022 0.0678257 0.1693101 0.1164599 0.1647129 0.1629441 0.1600676 0.0800198 0.1572670 0.1138519 0.1505292 0.1616135 0.1494739 0.1445220 0.1370589 0.1507065 0.1569160 0.1578528 0.1415042 0.1397301 0.1266149 0.1358303 0.1536973 0.1333708 0.1203101 0.1327812 0.1376104 0.1525146 0.1133642 0.1477167 0.1176737 0.1338919 0.1320417 0.1203558 0.1259990 0.1261595 0.1458723 0.1366993 0.1466061 0.1492328 0.1546520 0.1573673 0.1211963 0.1233263 0.1556885 0.1556885 0.1461034 0.1433608 0.1265910 0.1493782 0.1503260 0.1442254 0.1462891 0.1261595 0.1433608 0.1386004 0.1495558 0.1327320 0.1492328 
10586_7023_7637_AF138637_B_NA_NA 0.1290270 0.1133742 0.1501010 0.0991680 0.1057015 0.1094354 0.1029155 0.1079711 0.0459227 0.0397671 0.0440581 0.0257943 0.0273901 0.0241726 0.0000000 0.0645898 0.0399941 0.0222286 0.0420206 0.0420206 0.0357171 0.0242560 0.0798438 0.0295377 0.0702874 0.0377295 0.0241904 0.0725991 0.0421493 0.0486698 0.0373444 0.0355747 0.0314112 0.0418323 0.0439911 0.0355617 0.0418402 0.0335472 0.0379611 0.0334686 0.1060293 0.0699366 0.0739456 0.0354665 0.0718039 0.1078681 0.0336845 0.0612360 0.0752591 0.0601152 0.1100729 0.1390504 0.0871467 0.0673146 0.0946556 0.0626339 0.1476463 0.1123723 0.0597092 0.0748430 0.1213178 0.1395454 0.0532982 0.1569717 0.1046932 0.1525560 0.1507338 0.1506666 0.0770185 0.1459417 0.1030175 0.1325682 0.1508210 0.1512736 0.1448137 0.1250451 0.1418911 0.1389824 0.1628218 0.1294160 0.1340698 0.1192445 0.1236868 0.1358617 0.1230825 0.1148486 0.1225389 0.1319472 0.1348555 0.1080231 0.1370544 0.1194830 0.1235638 0.1150029 0.1037721 0.1092104 0.1093487 0.1196007 0.1193389 0.1291249 0.1288442 0.1440119 0.1394055 0.1051056 0.1066182 0.1379052 0.1379052 0.1286814 0.1260167 0.1097233 0.1315148 0.1326454 0.1267715 0.1288442 0.1093487 0.1260167 0.1212607 0.1319734 0.1156288 0.1316869 
10586_7023_7637_AF138636_B_NA_NA 0.1046377 0.1252561 0.0903730 0.1199852 0.1186120 0.1162224 0.1145736 0.1197168 0.0574427 0.0777954 0.0220095 0.0510763 0.0661905 0.0556081 0.0645898 0.0000000 0.0610424 0.0487089 0.0772768 0.0772768 0.0697651 0.0486351 0.0239330 0.0642399 0.0279241 0.0721154 0.0484994 0.0298935 0.0771549 0.0828222 0.0778539 0.0760332 0.0731562 0.0835177 0.0795157 0.0723120 0.0769490 0.0735870 0.0791096 0.0765159 0.1178103 0.0892189 0.0346620 0.0757420 0.1034939 0.1196051 0.0686032 0.0412124 0.0890528 0.0490484 0.0930802 0.0934071 0.0643005 0.0523483 0.0668178 0.0541169 0.1339489 0.1147913 0.0679075 0.0741686 0.1140031 0.1409177 0.0612361 0.1678009 0.1088416 0.1619782 0.1590051 0.1474244 0.0700331 0.1446833 0.1088757 0.1450975 0.1400663 0.1281941 0.1419509 0.1312092 0.1336599 0.1393217 0.1336048 0.1220371 0.1081040 0.1215643 0.1129835 0.1361915 0.1308478 0.1178422 0.1302701 0.1350525 0.1378327 0.1109486 0.1390402 0.1061132 0.1313586 0.1178647 0.1065514 0.1120271 0.1121692 0.1311468 0.1245575 0.1294317 0.1320011 0.1422606 0.1477208 0.1047752 0.1094199 0.1409047 0.1409047 0.1289860 0.1263133 0.1125534 0.1345238 0.1329643 0.1270719 0.1291496 0.1121692 0.1263133 0.1241763 0.1322889 0.1185019 0.1261534 
10586_7023_7637_AF138635_B_NA_NA 0.1298050 0.1217903 0.1384234 0.1211731 0.1143953 0.1246510 0.1114027 0.1164097 0.0187660 0.0488350 0.0664117 0.0318262 0.0270232 0.0377780 0.0399941 0.0610424 0.0000000 0.0296877 0.0398532 0.0398532 0.0336309 0.0296471 0.0460600 0.0316421 0.0341518 0.0356207 0.0295688 0.0360763 0.0397924 0.0464085 0.0366775 0.0349364 0.0327814 0.0410765 0.0418043 0.0375586 0.0396821 0.0329467 0.0372741 0.0351923 0.1145350 0.0694403 0.0701672 0.0348322 0.0786903 0.1163029 0.0348517 0.0768017 0.0603862 0.0717257 0.1162017 0.1369813 0.0933756 0.0889033 0.1019555 0.0531991 0.1503257 0.1243659 0.0697049 0.0837834 0.1391715 0.1513520 0.0632176 0.1722196 0.1188934 0.1664330 0.1635593 0.1554920 0.0755476 0.1502892 0.1168747 0.1428826 0.1624423 0.1314888 0.1385627 0.1339626 0.1431470 0.1491190 0.1458728 0.1382383 0.1537395 0.1262522 0.1400248 0.1460229 0.1348752 0.1303026 0.1342941 0.1474987 0.1444025 0.1233217 0.1488971 0.1054689 0.1353887 0.1247698 0.1135975 0.1189998 0.1191468 0.1291157 0.1262093 0.1392583 0.1417923 0.1575458 0.1487977 0.1146603 0.1135975 0.1444025 0.1444025 0.1387926 0.1361507 0.1195429 0.1323755 0.1461489 0.1369487 0.1389642 0.1191468 0.1361507 0.1223890 0.1420919 0.1254141 0.1359826 
10586_7023_7637_AF138634_B_NA_NA 0.1293274 0.1129367 0.1379923 0.1103437 0.1090785 0.1160639 0.1025204 0.1075563 0.0403785 0.0385881 0.0587996 0.0121943 0.0236863 0.0139390 0.0222286 0.0487089 0.0296877 0.0000000 0.0300556 0.0300556 0.0240323 0.0068347 0.0728994 0.0181576 0.0634857 0.0259718 0.0068180 0.0657651 0.0301449 0.0343508 0.0335582 0.0317766 0.0276627 0.0379866 0.0319756 0.0303635 0.0299222 0.0297660 0.0341209 0.0320192 0.1056198 0.0535667 0.0626798 0.0316817 0.0656915 0.1074540 0.0316988 0.0643264 0.0590177 0.0569663 0.1028686 0.1256199 0.0815912 0.0670295 0.0968348 0.0537419 0.1363006 0.1113790 0.0698098 0.0683467 0.1250064 0.1379104 0.0585888 0.1563283 0.1055464 0.1519380 0.1501198 0.1474929 0.0703835 0.1447501 0.1026287 0.1380088 0.1490768 0.1372554 0.1325376 0.1253985 0.1385746 0.1444083 0.1454433 0.1297858 0.1278244 0.1151273 0.1240818 0.1412612 0.1216428 0.1088894 0.1211101 0.1257064 0.1402034 0.1022189 0.1354442 0.1066575 0.1221146 0.1201855 0.1088319 0.1143248 0.1144697 0.1335342 0.1246131 0.1344253 0.1370039 0.1423473 0.1448397 0.1100153 0.1117117 0.1432872 0.1432872 0.1339644 0.1312792 0.1148609 0.1369267 0.1380018 0.1320662 0.1341339 0.1144697 0.1312792 0.1265264 0.1373011 0.1208303 0.1370039 
10586_7023_7637_AF138633_B_NA_NA 0.1180998 0.1152981 0.1406588 0.0897847 0.0887647 0.1166092 0.1048594 0.1099018 0.0554170 0.0236498 0.0789296 0.0385321 0.0214896 0.0404878 0.0420206 0.0772768 0.0398532 0.0300556 0.0000000 0.0000010 0.0050322 0.0279838 0.0897816 0.0138466 0.0751581 0.0033389 0.0280797 0.0775034 0.0067822 0.0156534 0.0272459 0.0293744 0.0215677 0.0314535 0.0084688 0.0103347 0.0067346 0.0274121 0.0277029 0.0256928 0.1079762 0.0372649 0.0492992 0.0254219 0.0430789 0.1097980 0.0293045 0.0631123 0.0603199 0.0806329 0.0999222 0.1072098 0.0968762 0.0651122 0.0779392 0.0486117 0.1322699 0.1086967 0.0708870 0.0547558 0.1280962 0.1370649 0.0551277 0.1588758 0.1032616 0.1544523 0.1526465 0.1585259 0.0685390 0.1398848 0.0990591 0.1371494 0.1512935 0.1411540 0.1325441 0.1289446 0.1367182 0.1466352 0.1546726 0.1332985 0.1326063 0.1117184 0.1209269 0.1434859 0.1209209 0.1191971 0.1289799 0.1363488 0.1484237 0.1123186 0.1436575 0.1180600 0.1213872 0.1223786 0.1110049 0.1165055 0.1166528 0.1275292 0.1268323 0.1366277 0.1363328 0.1516818 0.1470688 0.1121204 0.1138910 0.1515551 0.1515551 0.1361609 0.1334746 0.1109007 0.1308639 0.1402177 0.1342729 0.1363328 0.1166528 0.1334746 0.1206549 0.1395069 0.1230295 0.1392062 
10586_7023_7637_AF138632_B_NA_NA 0.1180998 0.1152981 0.1406588 0.0897847 0.0887647 0.1166092 0.1048594 0.1099018 0.0554170 0.0236498 0.0789296 0.0385321 0.0214896 0.0404878 0.0420206 0.0772768 0.0398532 0.0300556 0.0000010 0.0000000 0.0050322 0.0279838 0.0897816 0.0138466 0.0751581 0.0033389 0.0280797 0.0775034 0.0067822 0.0156534 0.0272459 0.0293744 0.0215677 0.0314535 0.0084688 0.0103347 0.0067346 0.0274121 0.0277029 0.0256928 0.1079762 0.0372649 0.0492992 0.0254219 0.0430789 0.1097980 0.0293045 0.0631123 0.0603199 0.0806329 0.0999222 0.1072098 0.0968762 0.0651122 0.0779392 0.0486117 0.1322699 0.1086967 0.0708870 0.0547558 0.1280962 0.1370649 0.0551277 0.1588758 0.1032616 0.1544523 0.1526465 0.1585259 0.0685390 0.1398848 0.0990591 0.1371494 0.1512935 0.1411540 0.1325441 0.1289446 0.1367182 0.1466352 0.1546726 0.1332985 0.1326063 0.1117184 0.1209269 0.1434859 0.1209209 0.1191971 0.1289799 0.1363488 0.1484237 0.1123186 0.1436575 0.1180600 0.1213872 0.1223786 0.1110049 0.1165055 0.1166528 0.1275292 0.1268323 0.1366277 0.1363328 0.1516818 0.1470688 0.1121204 0.1138910 0.1515551 0.1515551 0.1361609 0.1334746 0.1109007 0.1308639 0.1402177 0.1342729 0.1363328 0.1166528 0.1334746 0.1206549 0.1395069 0.1230295 0.1392062 
10586_7023_7637_AF138631_B_NA_NA 0.1092250 0.1064716 0.1314579 0.0817920 0.0808571 0.1078618 0.0962251 0.1011896 0.0487288 0.0178994 0.0715917 0.0322411 0.0158589 0.0341568 0.0357171 0.0697651 0.0336309 0.0240323 0.0050322 0.0050322 0.0000000 0.0220304 0.0821346 0.0085123 0.0678578 0.0016558 0.0259999 0.0701501 0.0050452 0.0102663 0.0252303 0.0234839 0.0196131 0.0293726 0.0067202 0.0050827 0.0050099 0.0215776 0.0256531 0.0236693 0.0992447 0.0311661 0.0427105 0.0234198 0.0368581 0.1010923 0.0234303 0.0561120 0.0534394 0.0729609 0.0918852 0.0988911 0.0890399 0.0580998 0.0706901 0.0421130 0.1261861 0.1003991 0.0638185 0.0481276 0.1193052 0.1307600 0.0484518 0.1489569 0.0952043 0.1446967 0.1428585 0.1486598 0.0615283 0.1305667 0.0964378 0.1307457 0.1417443 0.1319185 0.1236025 0.1201357 0.1276328 0.1371173 0.1451785 0.1244389 0.1235230 0.1031514 0.1160521 0.1340284 0.1149178 0.1103842 0.1200028 0.1271382 0.1389267 0.1037277 0.1341979 0.1096137 0.1153593 0.1133992 0.1022974 0.1076743 0.1078096 0.1183336 0.1176723 0.1273743 0.1270991 0.1421035 0.1375346 0.1036632 0.1051097 0.1419844 0.1419844 0.1269397 0.1243018 0.1021998 0.1215773 0.1308501 0.1250405 0.1270991 0.1078096 0.1243018 0.1116696 0.1301926 0.1140142 0.1299118 
10586_7023_7637_AF138630_B_NA_NA 0.1290619 0.1127123 0.1377106 0.1101257 0.1088650 0.1158363 0.1023189 0.1073442 0.0403198 0.0411203 0.0612782 0.0121806 0.0218821 0.0139231 0.0242560 0.0486351 0.0296471 0.0068347 0.0279838 0.0279838 0.0220304 0.0000000 0.0727756 0.0162299 0.0633812 0.0239505 0.0068109 0.0656560 0.0280663 0.0322208 0.0317109 0.0299246 0.0258366 0.0361059 0.0298885 0.0282708 0.0278598 0.0279230 0.0322462 0.0301562 0.1054106 0.0512236 0.0652509 0.0298361 0.0631966 0.1072422 0.0298517 0.0665128 0.0589218 0.0568745 0.1053590 0.1290264 0.0814503 0.0692393 0.0966581 0.0536577 0.1360236 0.1111648 0.0696934 0.0709445 0.1247606 0.1376273 0.0584937 0.1559967 0.1053485 0.1516193 0.1498032 0.1471870 0.0702651 0.1444504 0.1024304 0.1377210 0.1487690 0.1347053 0.1322715 0.1251517 0.1382947 0.1441095 0.1451450 0.1295302 0.1275683 0.1149020 0.1238356 0.1409696 0.1214013 0.1086764 0.1208707 0.1254540 0.1399165 0.1020227 0.1351666 0.1064559 0.1218712 0.1199440 0.1086171 0.1140974 0.1142417 0.1309584 0.1243590 0.1341515 0.1367246 0.1420568 0.1445396 0.1098048 0.1114901 0.1429928 0.1429928 0.1336924 0.1310132 0.1146315 0.1343289 0.1377185 0.1317972 0.1338613 0.1142417 0.1310132 0.1240016 0.1370206 0.1205868 0.1367246 
10586_7023_7637_AF138629_B_NA_NA 0.1167428 0.1401870 0.0984469 0.1333812 0.1319237 0.1305450 0.1294162 0.1345752 0.0427063 0.0903457 0.0330979 0.0755497 0.0685574 0.0806294 0.0798438 0.0239330 0.0460600 0.0728994 0.0897816 0.0897816 0.0821346 0.0727756 0.0000000 0.0797233 0.0169034 0.0845127 0.0725598 0.0186608 0.0896425 0.0979393 0.0799693 0.0782020 0.0753741 0.0855222 0.0920274 0.0813152 0.0894139 0.0758074 0.0812197 0.0786803 0.1296107 0.1087507 0.0484813 0.0779088 0.1191885 0.1344543 0.0709185 0.0551587 0.0923702 0.0635229 0.1110331 0.1096154 0.0760371 0.0755380 0.0797019 0.0555124 0.1487249 0.1276643 0.0722530 0.0865590 0.1258289 0.1551211 0.0656965 0.1835754 0.1220865 0.1775112 0.1746994 0.1562017 0.0781345 0.1509570 0.1233690 0.1500570 0.1608700 0.1298398 0.1543753 0.1395850 0.1415357 0.1383623 0.1411834 0.1305133 0.1339070 0.1328789 0.1234627 0.1411844 0.1448278 0.1401519 0.1441956 0.1578502 0.1427605 0.1329002 0.1532844 0.1084854 0.1453861 0.1230436 0.1118362 0.1172566 0.1174024 0.1332082 0.1267304 0.1344712 0.1370040 0.1559443 0.1494608 0.1071812 0.1118362 0.1427605 0.1427605 0.1282725 0.1313807 0.1177956 0.1365278 0.1413092 0.1321543 0.1341850 0.1174024 0.1313807 0.1263488 0.1372958 0.1236862 0.1312177 
10586_7023_7637_AF138628_B_NA_NA 0.1248150 0.1156985 0.1477125 0.0957188 0.0946311 0.1232198 0.1052189 0.1102803 0.0466032 0.0276978 0.0642733 0.0260810 0.0254436 0.0279545 0.0295377 0.0642399 0.0316421 0.0181576 0.0138466 0.0138466 0.0085123 0.0162299 0.0797233 0.0000000 0.0655497 0.0102527 0.0200651 0.0678264 0.0138838 0.0194164 0.0353092 0.0335415 0.0294228 0.0397432 0.0156011 0.0139852 0.0137857 0.0315324 0.0358942 0.0337930 0.1083496 0.0416099 0.0521325 0.0334409 0.0475335 0.1101759 0.0334594 0.0682066 0.0653155 0.0653093 0.1059268 0.1112822 0.0811644 0.0702218 0.0832730 0.0532846 0.1356864 0.1090534 0.0710896 0.0595459 0.1229150 0.1406310 0.0599544 0.1594708 0.1035922 0.1550235 0.1532140 0.1591165 0.0736619 0.1470288 0.1052819 0.1407725 0.1518428 0.1416543 0.1330028 0.1237569 0.1371971 0.1471683 0.1552290 0.1281005 0.1330725 0.1120962 0.1253010 0.1440059 0.1242374 0.1139619 0.1236923 0.1309576 0.1429210 0.1071845 0.1381541 0.1130390 0.1247198 0.1228083 0.1113868 0.1169100 0.1170583 0.1279855 0.1272847 0.1371153 0.1368184 0.1450632 0.1476042 0.1124944 0.1142851 0.1460241 0.1460241 0.1366454 0.1339482 0.1174582 0.1313354 0.1407225 0.1347521 0.1368184 0.1170583 0.1339482 0.1210795 0.1400067 0.1234629 0.1397039 
10586_7023_7637_AF138627_B_NA_NA 0.1004251 0.1283789 0.1040372 0.1219862 0.1206432 0.1311768 0.1178091 0.1228924 0.0469328 0.0804632 0.0292790 0.0660496 0.0594987 0.0709560 0.0702874 0.0279241 0.0341518 0.0634857 0.0751581 0.0751581 0.0678578 0.0633812 0.0169034 0.0655497 0.0000000 0.0701445 0.0631961 0.0049201 0.0750421 0.0829249 0.0706106 0.0688313 0.0661344 0.0759526 0.0773394 0.0671983 0.0748453 0.0665080 0.0717286 0.0692697 0.1210268 0.0983042 0.0359628 0.0685815 0.1084821 0.1227802 0.0617981 0.0553606 0.0874424 0.0637703 0.1115443 0.1047569 0.0763440 0.0758398 0.0800233 0.0512270 0.1427964 0.1221390 0.0676468 0.0816441 0.1148751 0.1490143 0.0611722 0.1769834 0.1114525 0.1710565 0.1681963 0.1500737 0.0734983 0.1449542 0.1176617 0.1439038 0.1547203 0.1242167 0.1484088 0.1338879 0.1357549 0.1382827 0.1411056 0.1304386 0.1338291 0.1271077 0.1207944 0.1352255 0.1389012 0.1342671 0.1382969 0.1517414 0.1368373 0.1271473 0.1532017 0.1033039 0.1394350 0.1173267 0.1062709 0.1116229 0.1117614 0.1215727 0.1209326 0.1286288 0.1311399 0.1498175 0.1434291 0.1018685 0.1062709 0.1368373 0.1368373 0.1281954 0.1255836 0.1121359 0.1247901 0.1353476 0.1263213 0.1283544 0.1117614 0.1255836 0.1149526 0.1314199 0.1179480 0.1254281 
10586_7023_7637_AF138626_B_NA_NA 0.1119492 0.1091843 0.1342561 0.0842772 0.0833170 0.1105489 0.0988908 0.1038734 0.0508468 0.0197604 0.0738856 0.0342546 0.0176842 0.0361802 0.0377295 0.0721154 0.0356207 0.0259718 0.0033389 0.0033389 0.0016558 0.0239505 0.0845127 0.0102527 0.0701445 0.0000000 0.0240323 0.0724507 0.0033475 0.0120212 0.0233205 0.0253814 0.0177478 0.0274123 0.0050163 0.0068020 0.0033241 0.0234598 0.0237123 0.0217491 0.1019366 0.0331188 0.0448045 0.0215189 0.0388422 0.1037743 0.0253226 0.0583181 0.0556113 0.0753571 0.0943727 0.1014572 0.0914680 0.0603078 0.0729573 0.0441791 0.1289376 0.1029569 0.0660373 0.0502269 0.1219923 0.1336085 0.0505657 0.1519514 0.0976938 0.1476470 0.1458205 0.1516390 0.0637317 0.1334011 0.0990591 0.1336388 0.1446359 0.1347266 0.1263307 0.1228276 0.1304002 0.1400046 0.1480498 0.1271413 0.1262942 0.1057884 0.1187515 0.1369008 0.1176400 0.1130881 0.1227457 0.1299440 0.1418057 0.1063715 0.1370708 0.1122067 0.1180924 0.1161499 0.1049780 0.1103864 0.1105252 0.1211446 0.1204730 0.1301926 0.1299118 0.1450034 0.1404264 0.1062659 0.1078096 0.1448822 0.1448822 0.1297488 0.1270991 0.1048784 0.1244121 0.1336990 0.1278550 0.1299118 0.1105252 0.1270991 0.1144242 0.1330261 0.1167752 0.1327396 
10586_7023_7637_AF138625_B_NA_NA 0.1250544 0.1094621 0.1372331 0.1097562 0.1085031 0.1154509 0.0991652 0.1041494 0.0402089 0.0410053 0.0611001 0.0121503 0.0235948 0.0138884 0.0241904 0.0484994 0.0295688 0.0068180 0.0280797 0.0280797 0.0259999 0.0068109 0.0725598 0.0200651 0.0631961 0.0240323 0.0000000 0.0654636 0.0281627 0.0364233 0.0294647 0.0316481 0.0236813 0.0337713 0.0299896 0.0324077 0.0279545 0.0296458 0.0299608 0.0279083 0.1022136 0.0538794 0.0650562 0.0276127 0.0680557 0.1040501 0.0315701 0.0663158 0.0587495 0.0567097 0.1050185 0.1285845 0.0812066 0.0690327 0.0963571 0.0535051 0.1355544 0.1108018 0.0694895 0.0707338 0.1209539 0.1341049 0.0583253 0.1522249 0.1050126 0.1479212 0.1460977 0.1435609 0.0700579 0.1408499 0.0993289 0.1341430 0.1451484 0.1365021 0.1318208 0.1247340 0.1378202 0.1405130 0.1446386 0.1290975 0.1241959 0.1116876 0.1200006 0.1374042 0.1180990 0.1055002 0.1175860 0.1220891 0.1363895 0.0989434 0.1316668 0.1061137 0.1185537 0.1166122 0.1054145 0.1108353 0.1109748 0.1297474 0.1209485 0.1306807 0.1332317 0.1385243 0.1409358 0.1066914 0.1082531 0.1394301 0.1394301 0.1302349 0.1275808 0.1113522 0.1330879 0.1341955 0.1283404 0.1303987 0.1109748 0.1275808 0.1228555 0.1335194 0.1172399 0.1332317 
10586_7023_7637_AF138624_B_NA_NA 0.1030318 0.1312078 0.1065848 0.1247191 0.1233492 0.1339690 0.1205942 0.1256936 0.0489760 0.0828498 0.0312194 0.0683491 0.0616950 0.0732952 0.0725991 0.0298935 0.0360763 0.0657651 0.0775034 0.0775034 0.0701501 0.0656560 0.0186608 0.0678264 0.0049201 0.0724507 0.0654636 0.0000000 0.0773838 0.0853301 0.0728744 0.0710986 0.0683712 0.0782654 0.0796943 0.0694657 0.0771819 0.0687589 0.0740241 0.0715467 0.1238384 0.1008192 0.0379854 0.0708385 0.1110554 0.1255794 0.0640079 0.0575406 0.0898196 0.0660549 0.1141837 0.1073721 0.0786792 0.0781519 0.0823491 0.0533091 0.1456292 0.1247885 0.0698770 0.0840174 0.1175051 0.1519292 0.0633657 0.1801167 0.1140074 0.1741271 0.1712912 0.1529983 0.0757405 0.1478215 0.1204003 0.1468432 0.1576532 0.1269121 0.1512573 0.1366144 0.1385205 0.1411477 0.1439004 0.1331374 0.1366381 0.1298725 0.1235039 0.1380763 0.1417349 0.1370831 0.1411176 0.1546562 0.1396704 0.1299035 0.1561515 0.1057966 0.1422801 0.1200699 0.1089463 0.1143288 0.1144707 0.1243626 0.1237128 0.1314270 0.1339473 0.1461237 0.1463108 0.1044248 0.1089463 0.1396704 0.1396704 0.1309845 0.1283616 0.1148540 0.1276031 0.1381996 0.1291160 0.1311471 0.1144707 0.1283616 0.1176879 0.1342328 0.1207011 0.1282025 
10586_7026_7637_AF138623_B_NA_NA 0.1185522 0.1157396 0.1383419 0.0901100 0.0890833 0.1170507 0.1052595 0.1103212 0.0553325 0.0198179 0.0788087 0.0386503 0.0215499 0.0406126 0.0421493 0.0771549 0.0397924 0.0301449 0.0067822 0.0067822 0.0050452 0.0280663 0.0896425 0.0138838 0.0750421 0.0033475 0.0281627 0.0773838 0.0000000 0.0121068 0.0272050 0.0293289 0.0234114 0.0314055 0.0084909 0.0068221 0.0067521 0.0273698 0.0276602 0.0256531 0.1083906 0.0332124 0.0449297 0.0253832 0.0389491 0.1102168 0.0292595 0.0630148 0.0598410 0.0805044 0.1002798 0.1046960 0.0967251 0.0650122 0.0778206 0.0485375 0.1383221 0.1085215 0.0707794 0.0546728 0.1278843 0.1373591 0.0550437 0.1623262 0.1030983 0.1578134 0.1572247 0.1619254 0.0684360 0.1430923 0.1053218 0.1408137 0.1545824 0.1443324 0.1356200 0.1287311 0.1398443 0.1472084 0.1552673 0.1330778 0.1357314 0.1121363 0.1246633 0.1440463 0.1268647 0.1222264 0.1320677 0.1395185 0.1516944 0.1152698 0.1469149 0.1178695 0.1273569 0.1254672 0.1139974 0.1195419 0.1196933 0.1306932 0.1299844 0.1371560 0.1368591 0.1549809 0.1533269 0.1119373 0.1169096 0.1548516 0.1548516 0.1366860 0.1339891 0.1138909 0.1340601 0.1397444 0.1338197 0.1368591 0.1196933 0.1339891 0.1237451 0.1400472 0.1261305 0.1397444 
10586_7023_7637_AF138622_B_NA_NA 0.1247779 0.1219336 0.1505356 0.0983194 0.0972067 0.1231860 0.1113256 0.1164385 0.0624969 0.0257595 0.0867439 0.0430514 0.0273849 0.0450446 0.0486698 0.0828222 0.0464085 0.0343508 0.0156534 0.0156534 0.0102663 0.0322208 0.0979393 0.0194164 0.0829249 0.0120212 0.0364233 0.0853301 0.0121068 0.0000000 0.0373290 0.0355613 0.0314023 0.0418110 0.0174184 0.0121958 0.0155848 0.0335361 0.0379448 0.0358249 0.1145240 0.0395669 0.0518402 0.0354533 0.0454526 0.1163294 0.0354735 0.0682369 0.0676171 0.0812537 0.1085119 0.1106478 0.0997202 0.0725570 0.0805285 0.0554794 0.1449084 0.1149148 0.0760856 0.0617733 0.1347317 0.1411667 0.0599872 0.1664329 0.1092872 0.1618752 0.1600925 0.1660400 0.0759896 0.1469455 0.1112858 0.1474727 0.1585517 0.1510695 0.1421388 0.1355939 0.1464698 0.1538620 0.1612299 0.1366055 0.1394733 0.1181497 0.1315224 0.1506612 0.1305102 0.1258308 0.1357591 0.1433204 0.1556372 0.1187684 0.1508346 0.1271086 0.1310192 0.1291490 0.1175440 0.1231508 0.1233075 0.1344744 0.1337501 0.1436335 0.1433229 0.1589633 0.1543084 0.1184692 0.1204925 0.1588306 0.1588306 0.1431412 0.1404128 0.1174344 0.1378854 0.1473178 0.1412583 0.1433229 0.1233075 0.1404128 0.1274258 0.1465648 0.1298283 0.1462482 
10586_7023_7637_AF138621_B_NA_NA 0.1154290 0.1075894 0.1307232 0.0969458 0.0958585 0.1017250 0.1028686 0.1078242 0.0474483 0.0414070 0.0752364 0.0398177 0.0118793 0.0417521 0.0373444 0.0778539 0.0366775 0.0335582 0.0272459 0.0272459 0.0252303 0.0317109 0.0799693 0.0353092 0.0706106 0.0233205 0.0294647 0.0728744 0.0272050 0.0373290 0.0000000 0.0083993 0.0066583 0.0136695 0.0291037 0.0289935 0.0271283 0.0101166 0.0102292 0.0084689 0.1059202 0.0501346 0.0666123 0.0083798 0.0630980 0.1077234 0.0118336 0.0590406 0.0563349 0.0740078 0.0933073 0.1216051 0.0977601 0.0638205 0.0866845 0.0450943 0.1415989 0.1006364 0.0575680 0.0608156 0.1224865 0.1339665 0.0470008 0.1573597 0.0957557 0.1541867 0.1512135 0.1446300 0.0624363 0.1275138 0.1029693 0.1246227 0.1448386 0.1297108 0.1356880 0.1095742 0.1300164 0.1308767 0.1384234 0.1137501 0.1263955 0.1094243 0.1138573 0.1278815 0.1182074 0.1133864 0.1232440 0.1299906 0.1352368 0.1067653 0.1373813 0.1015541 0.1186555 0.1113184 0.1004495 0.1057161 0.1058467 0.1178302 0.1154824 0.1214735 0.1239403 0.1452014 0.1366689 0.0960827 0.1032024 0.1382051 0.1382051 0.1210664 0.1185051 0.1003548 0.1209992 0.1248163 0.1191942 0.1212153 0.1058467 0.1185051 0.1113184 0.1242038 0.1119155 0.1239403 
10586_7023_7637_AF138620_B_NA_NA 0.1107944 0.1029777 0.1261137 0.0924860 0.0914386 0.0972585 0.0982563 0.1032044 0.0456862 0.0396374 0.0734610 0.0380292 0.0102010 0.0399660 0.0355747 0.0760332 0.0349364 0.0317766 0.0293744 0.0293744 0.0234839 0.0299246 0.0782020 0.0335415 0.0688313 0.0253814 0.0316481 0.0710986 0.0293289 0.0355613 0.0083993 0.0000000 0.0084077 0.0155367 0.0312546 0.0272499 0.0292468 0.0049770 0.0120568 0.0102668 0.1012774 0.0483505 0.0648162 0.0101586 0.0613229 0.1031064 0.0101616 0.0572543 0.0545582 0.0721636 0.0890014 0.1170674 0.0960038 0.0620326 0.0849329 0.0433374 0.1369229 0.0962962 0.0558193 0.0590431 0.1179838 0.1292385 0.0452493 0.1524116 0.0915040 0.1493140 0.1462911 0.1339428 0.0606760 0.1172545 0.0984341 0.1198929 0.1342573 0.1251263 0.1310665 0.0999381 0.1198856 0.1205087 0.1337808 0.1093288 0.1217694 0.1049009 0.1093514 0.1175585 0.1136195 0.1088153 0.1186437 0.1196890 0.1248758 0.1022658 0.1268446 0.0972488 0.1140514 0.1012759 0.0906247 0.0957944 0.0959128 0.1076065 0.1052742 0.1113229 0.1137625 0.1345913 0.1262135 0.0866991 0.0933170 0.1277865 0.1277865 0.1109471 0.1084199 0.0905364 0.1106999 0.1145672 0.1090508 0.1110838 0.0959128 0.1084199 0.1012759 0.1140069 0.1018372 0.1137625 
