129
13654_2612_3246_DQ853953_B_NA_NA 0.0000000 0.0097365 0.0048144 0.0031996 0.0098591 0.0064920 0.0031996 0.0048144 0.0031996 0.0048225 0.0048275 0.0048144 0.0031996 0.0048274 0.0031996 0.0064590 0.0064616 0.0048144 0.0064501 0.0064638 0.0064948 0.0115028 0.0064667 0.0064638 0.0064529 0.0048144 0.0064481 0.0097656 0.0064392 0.0048225 0.0064587 0.0048144 0.0064799 0.0048225 0.0080849 0.0048144 0.0032592 0.0081405 0.0200395 0.0183215 0.0114802 0.0148752 0.0114958 0.0097530 0.0147634 0.0097793 0.0097793 0.0080740 0.0097763 0.0113949 0.0097335 0.0097335 0.0113756 0.0097826 0.0081239 0.0081101 0.0080740 0.0097900 0.0064677 0.0114588 0.0097365 0.0131600 0.0081214 0.0130819 0.0114338 0.0081014 0.0148352 0.0097930 0.0097687 0.0165016 0.0182620 0.0182767 0.0148562 0.0182620 0.0097731 0.0130771 0.0113913 0.0148372 0.0064677 0.0097500 0.0098360 0.0114108 0.0148420 0.0148488 0.0114762 0.0081163 0.0114472 0.0183928 0.0064618 0.0114550 0.0064667 0.0064618 0.0131495 0.0081051 0.0064618 0.0064714 0.0097564 0.0081026 0.0048246 0.0064618 0.0064529 0.0098375 0.0064638 0.0081353 0.0048144 0.0048246 0.0114749 0.0080913 0.0064638 0.0097200 0.0081405 0.0081014 0.0080877 0.0081267 0.0116266 0.0134084 0.0152147 0.0169173 0.0099199 0.0223099 0.0204689 0.0224701 0.0186343 0.0205783 0.0082403 0.0187238 0.0168424 0.0082403 0.0186739 
13654_2612_3246_DQ853952_B_NA_NA 0.0097365 0.0000000 0.0080195 0.0063950 0.0131372 0.0097321 0.0063950 0.0080195 0.0063950 0.0080329 0.0080411 0.0080195 0.0063950 0.0080411 0.0063950 0.0096828 0.0096867 0.0080195 0.0096695 0.0096901 0.0097365 0.0147803 0.0096944 0.0096901 0.0096738 0.0080195 0.0096665 0.0130131 0.0096532 0.0080329 0.0096824 0.0080195 0.0097142 0.0080329 0.0113121 0.0080195 0.0065144 0.0113898 0.0233594 0.0216344 0.0147500 0.0181670 0.0147699 0.0129951 0.0180299 0.0130317 0.0130317 0.0112971 0.0130275 0.0146400 0.0129689 0.0129689 0.0146151 0.0130355 0.0113670 0.0113477 0.0112971 0.0130457 0.0096962 0.0147225 0.0129730 0.0164381 0.0113634 0.0163400 0.0146901 0.0113353 0.0181177 0.0130498 0.0130172 0.0197856 0.0215635 0.0215821 0.0181433 0.0215635 0.0130231 0.0163338 0.0146353 0.0181201 0.0096962 0.0129910 0.0131068 0.0146603 0.0181260 0.0181343 0.0147445 0.0113561 0.0147071 0.0217199 0.0096871 0.0147173 0.0096944 0.0096871 0.0164249 0.0113404 0.0096871 0.0097015 0.0130009 0.0113368 0.0080364 0.0096871 0.0096738 0.0131085 0.0096901 0.0113829 0.0080195 0.0080364 0.0147434 0.0113212 0.0096901 0.0129510 0.0113898 0.0080159 0.0113162 0.0113705 0.0149380 0.0167483 0.0185819 0.0202846 0.0132176 0.0257181 0.0238593 0.0259040 0.0220033 0.0239866 0.0115280 0.0185134 0.0201938 0.0115280 0.0220502 
13654_2612_3246_DQ853951_B_NA_NA 0.0048144 0.0080195 0.0000000 0.0015815 0.0081190 0.0048123 0.0015815 0.0031727 0.0015815 0.0031779 0.0031812 0.0031727 0.0015815 0.0031811 0.0015815 0.0047881 0.0047901 0.0031727 0.0047816 0.0047917 0.0048144 0.0097441 0.0047938 0.0047917 0.0047837 0.0031727 0.0047802 0.0080429 0.0047736 0.0031779 0.0047880 0.0031727 0.0048034 0.0031779 0.0063929 0.0031727 0.0016106 0.0064363 0.0181498 0.0164573 0.0097245 0.0130658 0.0097375 0.0080329 0.0129689 0.0080539 0.0080539 0.0063843 0.0080515 0.0096532 0.0080170 0.0080170 0.0096370 0.0080567 0.0064232 0.0064125 0.0063843 0.0080626 0.0047945 0.0097065 0.0080195 0.0113792 0.0064213 0.0113126 0.0064077 0.0064058 0.0130312 0.0080651 0.0080454 0.0146760 0.0164045 0.0164173 0.0130495 0.0164045 0.0080490 0.0113086 0.0096503 0.0130329 0.0047945 0.0080304 0.0081001 0.0096665 0.0130370 0.0130429 0.0097212 0.0064174 0.0096970 0.0165199 0.0047902 0.0097034 0.0047938 0.0047902 0.0113702 0.0064086 0.0047902 0.0047972 0.0080364 0.0064067 0.0031793 0.0047902 0.0047837 0.0081014 0.0047917 0.0064322 0.0031727 0.0031793 0.0097199 0.0063979 0.0047917 0.0080061 0.0064363 0.0064058 0.0063950 0.0064255 0.0098471 0.0115914 0.0133601 0.0150408 0.0081687 0.0203409 0.0185340 0.0204845 0.0167349 0.0186318 0.0065144 0.0168140 0.0149755 0.0065144 0.0167700 
13654_2612_3246_DQ853950_B_NA_NA 0.0031996 0.0063950 0.0015815 0.0000000 0.0064748 0.0031982 0.0000010 0.0015815 0.0000010 0.0015841 0.0015857 0.0015815 0.0000010 0.0015857 0.0000010 0.0031823 0.0031835 0.0015815 0.0031779 0.0031846 0.0031996 0.0080940 0.0031860 0.0031846 0.0031793 0.0015815 0.0031770 0.0064146 0.0031727 0.0015841 0.0031821 0.0015815 0.0031924 0.0015841 0.0047800 0.0015815 0.0000010 0.0048123 0.0164480 0.0147652 0.0080776 0.0113967 0.0080885 0.0064058 0.0113126 0.0064232 0.0064232 0.0047736 0.0064213 0.0080195 0.0063931 0.0063931 0.0080061 0.0064255 0.0048025 0.0047945 0.0047736 0.0064301 0.0031864 0.0080626 0.0063950 0.0097230 0.0048010 0.0096665 0.0080454 0.0047896 0.0113667 0.0064321 0.0064165 0.0130049 0.0147181 0.0147292 0.0113827 0.0147181 0.0064194 0.0096631 0.0080170 0.0113682 0.0031864 0.0064038 0.0064598 0.0080304 0.0113718 0.0113769 0.0080749 0.0047982 0.0080549 0.0148207 0.0031836 0.0080601 0.0031860 0.0031836 0.0097154 0.0047917 0.0031836 0.0031883 0.0064086 0.0047902 0.0015847 0.0031836 0.0031793 0.0064609 0.0031846 0.0048091 0.0015815 0.0015847 0.0080737 0.0047837 0.0031846 0.0063843 0.0048123 0.0047896 0.0047816 0.0048043 0.0081801 0.0099040 0.0116527 0.0133259 0.0065144 0.0185862 0.0167951 0.0187164 0.0150135 0.0168835 0.0048704 0.0150830 0.0132694 0.0048704 0.0150448 
13654_2612_3246_DQ853949_B_NA_NA 0.0098591 0.0131372 0.0081190 0.0064748 0.0000000 0.0098412 0.0064748 0.0081190 0.0064661 0.0081328 0.0081413 0.0081190 0.0064748 0.0081411 0.0064748 0.0098037 0.0098078 0.0081190 0.0097768 0.0098113 0.0098457 0.0149702 0.0098157 0.0098113 0.0097944 0.0081190 0.0097869 0.0131605 0.0097733 0.0081328 0.0098033 0.0081190 0.0098361 0.0081328 0.0114546 0.0081190 0.0065969 0.0081747 0.0236664 0.0219175 0.0149390 0.0184022 0.0149595 0.0131599 0.0182616 0.0131974 0.0131974 0.0114392 0.0131932 0.0148262 0.0131153 0.0131330 0.0148006 0.0132013 0.0115099 0.0114911 0.0114392 0.0132118 0.0098175 0.0149109 0.0131372 0.0166498 0.0115063 0.0165490 0.0148776 0.0114784 0.0183516 0.0132160 0.0131826 0.0200417 0.0183410 0.0218639 0.0183780 0.0183410 0.0131886 0.0165427 0.0148214 0.0183541 0.0098175 0.0131557 0.0132746 0.0131128 0.0183602 0.0183687 0.0149334 0.0114997 0.0148950 0.0220054 0.0097949 0.0149055 0.0098157 0.0098082 0.0148759 0.0114836 0.0098082 0.0098230 0.0131659 0.0114800 0.0081364 0.0098082 0.0097944 0.0132762 0.0098113 0.0115106 0.0081190 0.0081364 0.0149323 0.0114640 0.0097980 0.0131147 0.0115335 0.0114784 0.0114588 0.0115136 0.0151311 0.0169672 0.0188274 0.0205540 0.0133876 0.0260659 0.0241796 0.0262571 0.0222962 0.0243105 0.0116766 0.0224055 0.0204607 0.0116766 0.0223444 
13654_2612_3246_DQ853948_B_NA_NA 0.0064920 0.0097321 0.0048123 0.0031982 0.0098412 0.0000000 0.0031982 0.0048123 0.0031940 0.0048203 0.0048254 0.0048123 0.0031982 0.0048253 0.0031982 0.0064561 0.0064587 0.0048123 0.0064385 0.0064609 0.0064832 0.0114986 0.0064638 0.0064609 0.0064501 0.0048123 0.0064452 0.0097491 0.0064363 0.0048203 0.0064559 0.0048123 0.0064770 0.0048203 0.0080812 0.0048123 0.0032577 0.0081369 0.0200302 0.0183130 0.0114750 0.0148684 0.0114906 0.0097487 0.0147567 0.0097749 0.0097749 0.0080704 0.0097719 0.0113898 0.0097161 0.0097291 0.0113705 0.0097781 0.0081202 0.0081064 0.0080704 0.0097855 0.0064648 0.0114536 0.0097321 0.0131540 0.0081177 0.0130760 0.0114287 0.0080978 0.0148284 0.0097886 0.0097643 0.0164940 0.0165132 0.0182683 0.0148494 0.0165132 0.0097687 0.0130712 0.0113862 0.0148304 0.0064648 0.0097456 0.0098315 0.0114056 0.0148352 0.0148420 0.0114710 0.0081127 0.0114421 0.0183842 0.0064503 0.0114498 0.0064638 0.0064590 0.0131435 0.0081014 0.0064590 0.0064685 0.0097530 0.0080989 0.0048225 0.0064590 0.0064501 0.0098330 0.0064609 0.0081207 0.0048123 0.0048225 0.0114697 0.0080877 0.0064523 0.0097157 0.0081369 0.0080978 0.0080841 0.0081230 0.0116213 0.0134022 0.0152075 0.0169093 0.0099154 0.0222992 0.0204592 0.0224592 0.0186255 0.0205685 0.0082366 0.0187149 0.0168345 0.0082366 0.0186651 
13654_2612_3249_DQ853947_B_NA_NA 0.0031996 0.0063950 0.0015815 0.0000010 0.0064748 0.0031982 0.0000000 0.0015773 0.0000010 0.0015799 0.0015815 0.0015773 0.0000010 0.0015815 0.0000010 0.0031823 0.0031835 0.0015815 0.0031779 0.0031846 0.0031996 0.0080940 0.0031860 0.0031846 0.0031793 0.0015815 0.0031770 0.0064146 0.0031727 0.0015841 0.0031821 0.0015815 0.0031839 0.0015799 0.0047673 0.0015773 0.0000010 0.0047995 0.0164480 0.0147652 0.0080776 0.0113967 0.0080885 0.0064058 0.0113126 0.0064232 0.0064232 0.0047736 0.0064213 0.0080195 0.0063931 0.0063931 0.0080061 0.0064255 0.0048025 0.0047945 0.0047736 0.0064301 0.0031864 0.0080626 0.0063950 0.0097230 0.0048010 0.0096665 0.0080454 0.0047896 0.0113667 0.0064321 0.0064165 0.0130049 0.0147181 0.0147292 0.0113827 0.0147181 0.0064194 0.0096631 0.0080170 0.0113682 0.0031864 0.0064038 0.0064598 0.0080304 0.0113718 0.0113769 0.0080749 0.0047982 0.0080549 0.0148007 0.0031836 0.0080601 0.0031860 0.0031836 0.0097154 0.0047917 0.0031836 0.0031883 0.0064086 0.0047902 0.0015847 0.0031836 0.0031793 0.0064609 0.0031846 0.0048091 0.0015815 0.0015847 0.0080737 0.0047837 0.0031846 0.0063843 0.0048123 0.0047896 0.0047816 0.0048043 0.0081801 0.0099040 0.0116527 0.0133259 0.0065144 0.0185862 0.0167951 0.0187164 0.0150135 0.0168835 0.0048704 0.0150830 0.0132694 0.0048704 0.0150448 
13654_2612_3248_DQ853946_B_NA_NA 0.0048144 0.0080195 0.0031727 0.0015815 0.0081190 0.0048123 0.0015773 0.0000000 0.0015773 0.0031695 0.0031728 0.0031643 0.0015773 0.0031727 0.0015815 0.0047881 0.0047901 0.0031727 0.0047816 0.0047917 0.0048144 0.0097441 0.0047938 0.0047917 0.0047837 0.0031727 0.0047802 0.0080429 0.0047736 0.0031779 0.0047880 0.0031727 0.0047907 0.0031695 0.0063758 0.0031643 0.0016106 0.0064191 0.0181498 0.0164573 0.0097245 0.0130658 0.0097375 0.0080329 0.0129689 0.0080539 0.0080539 0.0063843 0.0080515 0.0096532 0.0080170 0.0080170 0.0096370 0.0080567 0.0064232 0.0064125 0.0063843 0.0080626 0.0047945 0.0097065 0.0080195 0.0113792 0.0064213 0.0113126 0.0096858 0.0064058 0.0130312 0.0080651 0.0080454 0.0146760 0.0164045 0.0164173 0.0130495 0.0164045 0.0080490 0.0113086 0.0063843 0.0130329 0.0047945 0.0080304 0.0081001 0.0096665 0.0130370 0.0130429 0.0097212 0.0064174 0.0096970 0.0164976 0.0047902 0.0097034 0.0047938 0.0047902 0.0113702 0.0064086 0.0047902 0.0047972 0.0080364 0.0064067 0.0031793 0.0047902 0.0047837 0.0081014 0.0047917 0.0064322 0.0031727 0.0031793 0.0064300 0.0063979 0.0047917 0.0047671 0.0064363 0.0064058 0.0063950 0.0064255 0.0098471 0.0115914 0.0133601 0.0150408 0.0081687 0.0203409 0.0185340 0.0204845 0.0167349 0.0186318 0.0065144 0.0168140 0.0149755 0.0065144 0.0167700 
13654_2612_3248_DQ853945_B_NA_NA 0.0031996 0.0063950 0.0015815 0.0000010 0.0064661 0.0031940 0.0000010 0.0015773 0.0000000 0.0015799 0.0015815 0.0015773 0.0000010 0.0015815 0.0000010 0.0031823 0.0031835 0.0015815 0.0031737 0.0031846 0.0031954 0.0080940 0.0031860 0.0031846 0.0031793 0.0015815 0.0031770 0.0064060 0.0031727 0.0015841 0.0031821 0.0015815 0.0031839 0.0015799 0.0047673 0.0015773 0.0000010 0.0047995 0.0164480 0.0147652 0.0080776 0.0113967 0.0080885 0.0064058 0.0113126 0.0064232 0.0064232 0.0047736 0.0064213 0.0080195 0.0063846 0.0063931 0.0080061 0.0064255 0.0048025 0.0047945 0.0047736 0.0064301 0.0031864 0.0080626 0.0063950 0.0097230 0.0048010 0.0096665 0.0080454 0.0047896 0.0113667 0.0064321 0.0064165 0.0130049 0.0147181 0.0147292 0.0113827 0.0147181 0.0064194 0.0096631 0.0080170 0.0113682 0.0031864 0.0064038 0.0064598 0.0080304 0.0113718 0.0113769 0.0080749 0.0047982 0.0080549 0.0148007 0.0031794 0.0080601 0.0031860 0.0031836 0.0097154 0.0047917 0.0031836 0.0031883 0.0064086 0.0047902 0.0015847 0.0031836 0.0031793 0.0064609 0.0031846 0.0048027 0.0015815 0.0015847 0.0080737 0.0047837 0.0031804 0.0063843 0.0048123 0.0047896 0.0047816 0.0048043 0.0081801 0.0099040 0.0116527 0.0133259 0.0065144 0.0185862 0.0167951 0.0187164 0.0150135 0.0168835 0.0048704 0.0150830 0.0132694 0.0048704 0.0150448 
13654_2612_3248_DQ853944_B_NA_NA 0.0048225 0.0080329 0.0031779 0.0015841 0.0081328 0.0048203 0.0015799 0.0031695 0.0015799 0.0000000 0.0031780 0.0031695 0.0015799 0.0031780 0.0015841 0.0047961 0.0047980 0.0031779 0.0047896 0.0047997 0.0048225 0.0097597 0.0048018 0.0047997 0.0047917 0.0031779 0.0047881 0.0080565 0.0047816 0.0031832 0.0047959 0.0031779 0.0047986 0.0031748 0.0063865 0.0031695 0.0016133 0.0064299 0.0181813 0.0164858 0.0097410 0.0130882 0.0097541 0.0080454 0.0129910 0.0080676 0.0080676 0.0063950 0.0080651 0.0096695 0.0080304 0.0080304 0.0096532 0.0080704 0.0064340 0.0064232 0.0063950 0.0080763 0.0048025 0.0097230 0.0080329 0.0113985 0.0064321 0.0113318 0.0097021 0.0064165 0.0130534 0.0080788 0.0080590 0.0147012 0.0164328 0.0164457 0.0130718 0.0164328 0.0080626 0.0113277 0.0096665 0.0130552 0.0048025 0.0080429 0.0081139 0.0096828 0.0130593 0.0130652 0.0097376 0.0064282 0.0097134 0.0165262 0.0047982 0.0097198 0.0048018 0.0047982 0.0113896 0.0064194 0.0047982 0.0048052 0.0080490 0.0064174 0.0031846 0.0047982 0.0047917 0.0081152 0.0047997 0.0064430 0.0031779 0.0031846 0.0097363 0.0064086 0.0047997 0.0080195 0.0064472 0.0064165 0.0064058 0.0064363 0.0098640 0.0116115 0.0133836 0.0150672 0.0081826 0.0203773 0.0185669 0.0205214 0.0167644 0.0186651 0.0065255 0.0168437 0.0150017 0.0065255 0.0167996 
13654_2612_3248_DQ853943_B_NA_NA 0.0048275 0.0080411 0.0031812 0.0015857 0.0081413 0.0048254 0.0015815 0.0031728 0.0015815 0.0031780 0.0000000 0.0031728 0.0015815 0.0031813 0.0015857 0.0048011 0.0048030 0.0031812 0.0047945 0.0048046 0.0048275 0.0097699 0.0048067 0.0048046 0.0047966 0.0000010 0.0047931 0.0080649 0.0047865 0.0031865 0.0048009 0.0031812 0.0048036 0.0031780 0.0063931 0.0031728 0.0016150 0.0064366 0.0182000 0.0165027 0.0097510 0.0131017 0.0097632 0.0080537 0.0130042 0.0080760 0.0080760 0.0064017 0.0080735 0.0096794 0.0080387 0.0080387 0.0096631 0.0080788 0.0064407 0.0064299 0.0064017 0.0080847 0.0048074 0.0097330 0.0080411 0.0114103 0.0064388 0.0113434 0.0097121 0.0064232 0.0130668 0.0080872 0.0080674 0.0147162 0.0164497 0.0164625 0.0130853 0.0164497 0.0080710 0.0113393 0.0096764 0.0130686 0.0048074 0.0080513 0.0081223 0.0096927 0.0130728 0.0130787 0.0097477 0.0064349 0.0097234 0.0165433 0.0048032 0.0097299 0.0048067 0.0048032 0.0114013 0.0064260 0.0048032 0.0048102 0.0080573 0.0064241 0.0031879 0.0048032 0.0047966 0.0081237 0.0048046 0.0064497 0.0031812 0.0031879 0.0097464 0.0064152 0.0048046 0.0080277 0.0064539 0.0064232 0.0064124 0.0048017 0.0098744 0.0116238 0.0133977 0.0150830 0.0081912 0.0203987 0.0185863 0.0205431 0.0167819 0.0186848 0.0065323 0.0168614 0.0150174 0.0065323 0.0168172 
13654_2612_3248_DQ853942_B_NA_NA 0.0048144 0.0080195 0.0031727 0.0015815 0.0081190 0.0048123 0.0015773 0.0031643 0.0015773 0.0031695 0.0031728 0.0000000 0.0015773 0.0015815 0.0015815 0.0047881 0.0047901 0.0031727 0.0047816 0.0047917 0.0048144 0.0097441 0.0047938 0.0047917 0.0047837 0.0031727 0.0047802 0.0080429 0.0047736 0.0031779 0.0047880 0.0031727 0.0047907 0.0031695 0.0063758 0.0031643 0.0016106 0.0064191 0.0181498 0.0164573 0.0097245 0.0130658 0.0097375 0.0080329 0.0129689 0.0080539 0.0080539 0.0063843 0.0080515 0.0096532 0.0080170 0.0080170 0.0096370 0.0080567 0.0064232 0.0064125 0.0063843 0.0080626 0.0047945 0.0097065 0.0080195 0.0113792 0.0064213 0.0113126 0.0096858 0.0064058 0.0130312 0.0080651 0.0080454 0.0146760 0.0147181 0.0164173 0.0130495 0.0147181 0.0080490 0.0096631 0.0096503 0.0130329 0.0047945 0.0080304 0.0081001 0.0096665 0.0130370 0.0130429 0.0097212 0.0064174 0.0096970 0.0164976 0.0047902 0.0097034 0.0047938 0.0047902 0.0113702 0.0064086 0.0047902 0.0047972 0.0080364 0.0064067 0.0031793 0.0047902 0.0047837 0.0081014 0.0047917 0.0064322 0.0031727 0.0031793 0.0097199 0.0063979 0.0047917 0.0080061 0.0064363 0.0064058 0.0063950 0.0064255 0.0098471 0.0115914 0.0133601 0.0150408 0.0081687 0.0203409 0.0185340 0.0204845 0.0167349 0.0186318 0.0065144 0.0168140 0.0149755 0.0065144 0.0167700 
13654_2611_3248_DQ853941_B_NA_NA 0.0031996 0.0063950 0.0015815 0.0000010 0.0064748 0.0031982 0.0000010 0.0015773 0.0000010 0.0015799 0.0015815 0.0015773 0.0000000 0.0015815 0.0000010 0.0031823 0.0031835 0.0015815 0.0031779 0.0031846 0.0031996 0.0080940 0.0031860 0.0031846 0.0031793 0.0015815 0.0031770 0.0064146 0.0031727 0.0015841 0.0031821 0.0015815 0.0031802 0.0015799 0.0047618 0.0015755 0.0000010 0.0047995 0.0164480 0.0147652 0.0080776 0.0113967 0.0080885 0.0064058 0.0112993 0.0064232 0.0064232 0.0047736 0.0064213 0.0080195 0.0063931 0.0063856 0.0080061 0.0064255 0.0048025 0.0047945 0.0047736 0.0064301 0.0031864 0.0080626 0.0063950 0.0097230 0.0048010 0.0096665 0.0080454 0.0047896 0.0113667 0.0064321 0.0064165 0.0130049 0.0147181 0.0147292 0.0113827 0.0147181 0.0064194 0.0096631 0.0080170 0.0113682 0.0031864 0.0064038 0.0064598 0.0080304 0.0113718 0.0113769 0.0080749 0.0047982 0.0080549 0.0148007 0.0031836 0.0080506 0.0031823 0.0031800 0.0097039 0.0047917 0.0031800 0.0031883 0.0064086 0.0047902 0.0015847 0.0031836 0.0031793 0.0064609 0.0031846 0.0048091 0.0015815 0.0015847 0.0080737 0.0047837 0.0031846 0.0063843 0.0048123 0.0047896 0.0047816 0.0048043 0.0081801 0.0099040 0.0116527 0.0133259 0.0065144 0.0185862 0.0167951 0.0187164 0.0150135 0.0168835 0.0048704 0.0150830 0.0132694 0.0048704 0.0150448 
13654_2612_3248_DQ853940_B_NA_NA 0.0048274 0.0080411 0.0031811 0.0015857 0.0081411 0.0048253 0.0015815 0.0031727 0.0015815 0.0031780 0.0031813 0.0015815 0.0015815 0.0000000 0.0015857 0.0048010 0.0048029 0.0031811 0.0047944 0.0048045 0.0048274 0.0097708 0.0048066 0.0048045 0.0047965 0.0031811 0.0047929 0.0080657 0.0047864 0.0031864 0.0048008 0.0031811 0.0048035 0.0031780 0.0063938 0.0031727 0.0016150 0.0064364 0.0182000 0.0165027 0.0097510 0.0097510 0.0097641 0.0080546 0.0130042 0.0080767 0.0080767 0.0064013 0.0080742 0.0096794 0.0080387 0.0080387 0.0096631 0.0080795 0.0064405 0.0064297 0.0064013 0.0048139 0.0048073 0.0064386 0.0080411 0.0114103 0.0064386 0.0113434 0.0097121 0.0064229 0.0130668 0.0080879 0.0080682 0.0147162 0.0164275 0.0164625 0.0130853 0.0164275 0.0080717 0.0113242 0.0096764 0.0130686 0.0048073 0.0047944 0.0081220 0.0096927 0.0130728 0.0130787 0.0097477 0.0064347 0.0097234 0.0165433 0.0048031 0.0097299 0.0048066 0.0048031 0.0114013 0.0064258 0.0048031 0.0048101 0.0080582 0.0064238 0.0031878 0.0048031 0.0047965 0.0081234 0.0048045 0.0064495 0.0031811 0.0031878 0.0097464 0.0064150 0.0048045 0.0080277 0.0064537 0.0064229 0.0064121 0.0064428 0.0098741 0.0116235 0.0133974 0.0150830 0.0081911 0.0203987 0.0185863 0.0205431 0.0167819 0.0186848 0.0065323 0.0168614 0.0150174 0.0065323 0.0168172 
13654_2612_3246_DQ853939_B_NA_NA 0.0031996 0.0063950 0.0015815 0.0000010 0.0064748 0.0031982 0.0000010 0.0015815 0.0000010 0.0015841 0.0015857 0.0015815 0.0000010 0.0015857 0.0000000 0.0031823 0.0031835 0.0015815 0.0031779 0.0031846 0.0031996 0.0080940 0.0031860 0.0031846 0.0031793 0.0015815 0.0031770 0.0064146 0.0031727 0.0015841 0.0031821 0.0015815 0.0031924 0.0015841 0.0047800 0.0015815 0.0000010 0.0048123 0.0164480 0.0147652 0.0080776 0.0113967 0.0080885 0.0064058 0.0113126 0.0064232 0.0064232 0.0047736 0.0064213 0.0080195 0.0063931 0.0063931 0.0080061 0.0064255 0.0048025 0.0047945 0.0047736 0.0064301 0.0031864 0.0080626 0.0063950 0.0097230 0.0048010 0.0096665 0.0080454 0.0047896 0.0113667 0.0064321 0.0064165 0.0130049 0.0147181 0.0147292 0.0113827 0.0147181 0.0064194 0.0096631 0.0080170 0.0113682 0.0031864 0.0064038 0.0064598 0.0080304 0.0113718 0.0113769 0.0080749 0.0047982 0.0080549 0.0148207 0.0031836 0.0080601 0.0031860 0.0031836 0.0097154 0.0047917 0.0031836 0.0031883 0.0064086 0.0047902 0.0015847 0.0031836 0.0031793 0.0064609 0.0031846 0.0048091 0.0015815 0.0015847 0.0080737 0.0047837 0.0031846 0.0063843 0.0048123 0.0047896 0.0047816 0.0048043 0.0081801 0.0099040 0.0116527 0.0133259 0.0065144 0.0185862 0.0167951 0.0187164 0.0150135 0.0168835 0.0048704 0.0150830 0.0132694 0.0048704 0.0150448 
13654_2612_3246_DQ853938_B_NA_NA 0.0064590 0.0096828 0.0047881 0.0031823 0.0098037 0.0064561 0.0031823 0.0047881 0.0031823 0.0047961 0.0048011 0.0047881 0.0031823 0.0048010 0.0031823 0.0000000 0.0064260 0.0047881 0.0064146 0.0064282 0.0064590 0.0114394 0.0064311 0.0064282 0.0064174 0.0047881 0.0064127 0.0097125 0.0064038 0.0047961 0.0064232 0.0047881 0.0064442 0.0047961 0.0080411 0.0047881 0.0032412 0.0080953 0.0199249 0.0182171 0.0114161 0.0147913 0.0114315 0.0096991 0.0146807 0.0097260 0.0097260 0.0080304 0.0097230 0.0113318 0.0096798 0.0096798 0.0113126 0.0097291 0.0080788 0.0080651 0.0080304 0.0097364 0.0064321 0.0113950 0.0096828 0.0130862 0.0080763 0.0130090 0.0113703 0.0080565 0.0147517 0.0097394 0.0097155 0.0164086 0.0181582 0.0181728 0.0147726 0.0181582 0.0097198 0.0130042 0.0113282 0.0147537 0.0064321 0.0096961 0.0097809 0.0113474 0.0147584 0.0147652 0.0114121 0.0080713 0.0113835 0.0182876 0.0064263 0.0113912 0.0064311 0.0064263 0.0130758 0.0080601 0.0064263 0.0064358 0.0097034 0.0080577 0.0047982 0.0031889 0.0064174 0.0097824 0.0064282 0.0080902 0.0047881 0.0047982 0.0114108 0.0080465 0.0064282 0.0096665 0.0080953 0.0080565 0.0080429 0.0080816 0.0115606 0.0133315 0.0151266 0.0168194 0.0098640 0.0221786 0.0203493 0.0223369 0.0185264 0.0204575 0.0081941 0.0186148 0.0167455 0.0081941 0.0185655 
13654_2612_3246_DQ853937_B_NA_NA 0.0064616 0.0096867 0.0047901 0.0031835 0.0098078 0.0064587 0.0031835 0.0047901 0.0031835 0.0047980 0.0048030 0.0047901 0.0031835 0.0048029 0.0031835 0.0064260 0.0000000 0.0047901 0.0064172 0.0064308 0.0064616 0.0114441 0.0064337 0.0064308 0.0064200 0.0047901 0.0064152 0.0097164 0.0064064 0.0047980 0.0064258 0.0047901 0.0064468 0.0047980 0.0080337 0.0047901 0.0032425 0.0080986 0.0199330 0.0182246 0.0114208 0.0147973 0.0114362 0.0097030 0.0146867 0.0097299 0.0097299 0.0080337 0.0097269 0.0113363 0.0096837 0.0096837 0.0113172 0.0097331 0.0080821 0.0080684 0.0080337 0.0097404 0.0064347 0.0113996 0.0096867 0.0130915 0.0080796 0.0130142 0.0113749 0.0080598 0.0147577 0.0097434 0.0097194 0.0164152 0.0181656 0.0181802 0.0147786 0.0181656 0.0097238 0.0130095 0.0113328 0.0147597 0.0064347 0.0097000 0.0097849 0.0113520 0.0147644 0.0147711 0.0114167 0.0080746 0.0113881 0.0182951 0.0064289 0.0113958 0.0064337 0.0064289 0.0130811 0.0080634 0.0064289 0.0064384 0.0097073 0.0080609 0.0048002 0.0064289 0.0064200 0.0097864 0.0064308 0.0080934 0.0047901 0.0048002 0.0114154 0.0080498 0.0064308 0.0096704 0.0080986 0.0080598 0.0080462 0.0080849 0.0115654 0.0133371 0.0151329 0.0168264 0.0098681 0.0221879 0.0203578 0.0223463 0.0185340 0.0204660 0.0081975 0.0186225 0.0167524 0.0081975 0.0185732 
13654_2612_3246_DQ853936_B_NA_NA 0.0048144 0.0080195 0.0031727 0.0015815 0.0081190 0.0048123 0.0015815 0.0031727 0.0015815 0.0031779 0.0031812 0.0031727 0.0015815 0.0031811 0.0015815 0.0047881 0.0047901 0.0000000 0.0047816 0.0047917 0.0048144 0.0097441 0.0047938 0.0047917 0.0047837 0.0031727 0.0047802 0.0080429 0.0047736 0.0031779 0.0047880 0.0031727 0.0048034 0.0031779 0.0063929 0.0031727 0.0016106 0.0064363 0.0181498 0.0164573 0.0097245 0.0130658 0.0097375 0.0080329 0.0129689 0.0080539 0.0080539 0.0063843 0.0080515 0.0096532 0.0080170 0.0080170 0.0096370 0.0080567 0.0064232 0.0064125 0.0063843 0.0080626 0.0047945 0.0097065 0.0080195 0.0113792 0.0064213 0.0113126 0.0096858 0.0064058 0.0130312 0.0080651 0.0080454 0.0146760 0.0164045 0.0164173 0.0130495 0.0164045 0.0080490 0.0113086 0.0096503 0.0130329 0.0047945 0.0080304 0.0081001 0.0096665 0.0130370 0.0130429 0.0097212 0.0064174 0.0096970 0.0165199 0.0047902 0.0097034 0.0047938 0.0047902 0.0113702 0.0064086 0.0047902 0.0047972 0.0080364 0.0064067 0.0031793 0.0047902 0.0047837 0.0081014 0.0047917 0.0064322 0.0031727 0.0031793 0.0097199 0.0063979 0.0047917 0.0080061 0.0064363 0.0064058 0.0063950 0.0064255 0.0098471 0.0115914 0.0133601 0.0150408 0.0081687 0.0203409 0.0185340 0.0204845 0.0167349 0.0186318 0.0065144 0.0168140 0.0149755 0.0065144 0.0167700 
13654_2612_3246_DQ853935_B_NA_NA 0.0064501 0.0096695 0.0047816 0.0031779 0.0097768 0.0064385 0.0031779 0.0047816 0.0031737 0.0047896 0.0047945 0.0047816 0.0031779 0.0047944 0.0031779 0.0064146 0.0064172 0.0047816 0.0000000 0.0064194 0.0064414 0.0114235 0.0064222 0.0064194 0.0064086 0.0047816 0.0064038 0.0096862 0.0063950 0.0047896 0.0064143 0.0047816 0.0064353 0.0047896 0.0080301 0.0047816 0.0032367 0.0080841 0.0198967 0.0181914 0.0114003 0.0147706 0.0114156 0.0096858 0.0146603 0.0097125 0.0097125 0.0080195 0.0097095 0.0113162 0.0096536 0.0096665 0.0112971 0.0097157 0.0080676 0.0080539 0.0080195 0.0097230 0.0064232 0.0113792 0.0096695 0.0130680 0.0080651 0.0129910 0.0113545 0.0080454 0.0147311 0.0097260 0.0097021 0.0163856 0.0181327 0.0181473 0.0147519 0.0181327 0.0097064 0.0129862 0.0113126 0.0147331 0.0064232 0.0096828 0.0097672 0.0113318 0.0113474 0.0147445 0.0113963 0.0080601 0.0113677 0.0182617 0.0064089 0.0113754 0.0064222 0.0064174 0.0130576 0.0080490 0.0064174 0.0064269 0.0096901 0.0080465 0.0047917 0.0064174 0.0064086 0.0097687 0.0064194 0.0080681 0.0047816 0.0047917 0.0113950 0.0080364 0.0064108 0.0096532 0.0080841 0.0080454 0.0080329 0.0080704 0.0115443 0.0133125 0.0151049 0.0167954 0.0098502 0.0221464 0.0203200 0.0223042 0.0184998 0.0204278 0.0081826 0.0185880 0.0167216 0.0081826 0.0185388 
13654_2612_3246_DQ853933_B_NA_NA 0.0064638 0.0096901 0.0047917 0.0031846 0.0098113 0.0064609 0.0031846 0.0047917 0.0031846 0.0047997 0.0048046 0.0047917 0.0031846 0.0048045 0.0031846 0.0064282 0.0064308 0.0047917 0.0064194 0.0000000 0.0031996 0.0080940 0.0031860 0.0031846 0.0031793 0.0047917 0.0064174 0.0097198 0.0064086 0.0047997 0.0064280 0.0047917 0.0064490 0.0047997 0.0080462 0.0047917 0.0032436 0.0081014 0.0164480 0.0147652 0.0114249 0.0148028 0.0114403 0.0097064 0.0146921 0.0097333 0.0097333 0.0080364 0.0097303 0.0113404 0.0096871 0.0096871 0.0113212 0.0097365 0.0080849 0.0080712 0.0080364 0.0097438 0.0064369 0.0114037 0.0096901 0.0130963 0.0080824 0.0130189 0.0113789 0.0080626 0.0147632 0.0097468 0.0097229 0.0164214 0.0181726 0.0181872 0.0147840 0.0181726 0.0097272 0.0130142 0.0113368 0.0113682 0.0064369 0.0097034 0.0097884 0.0113561 0.0113718 0.0113769 0.0080749 0.0047982 0.0113922 0.0148207 0.0031836 0.0080601 0.0031860 0.0031836 0.0097154 0.0047917 0.0031836 0.0031883 0.0064086 0.0047902 0.0015847 0.0031836 0.0031793 0.0064609 0.0031846 0.0080963 0.0047917 0.0015847 0.0080737 0.0047837 0.0031846 0.0096738 0.0081014 0.0080626 0.0080490 0.0080877 0.0115697 0.0133421 0.0151387 0.0151163 0.0098716 0.0221969 0.0203659 0.0187164 0.0185413 0.0204742 0.0082004 0.0186299 0.0167588 0.0082004 0.0185805 
13654_2612_3246_DQ853932_B_NA_NA 0.0064948 0.0097365 0.0048144 0.0031996 0.0098457 0.0064832 0.0031996 0.0048144 0.0031954 0.0048225 0.0048275 0.0048144 0.0031996 0.0048274 0.0031996 0.0064590 0.0064616 0.0048144 0.0064414 0.0031996 0.0000000 0.0081330 0.0032010 0.0031996 0.0031943 0.0048144 0.0064481 0.0097534 0.0064392 0.0048225 0.0064587 0.0048144 0.0064799 0.0048225 0.0080849 0.0048144 0.0032592 0.0081405 0.0165285 0.0148372 0.0114802 0.0148752 0.0114958 0.0097530 0.0147634 0.0097793 0.0097793 0.0080740 0.0097763 0.0113949 0.0097204 0.0097335 0.0113756 0.0097826 0.0081239 0.0081101 0.0080740 0.0097900 0.0064677 0.0114588 0.0097365 0.0131600 0.0081214 0.0130819 0.0114338 0.0081014 0.0148352 0.0097930 0.0097687 0.0165016 0.0182620 0.0182767 0.0148562 0.0182620 0.0097731 0.0130771 0.0113913 0.0114231 0.0064677 0.0097500 0.0098360 0.0114108 0.0114267 0.0114318 0.0081138 0.0048210 0.0114472 0.0183928 0.0031944 0.0080989 0.0032010 0.0031987 0.0097611 0.0048144 0.0031987 0.0032033 0.0064392 0.0048130 0.0015922 0.0031987 0.0031943 0.0064920 0.0031996 0.0081244 0.0048144 0.0015922 0.0081126 0.0048064 0.0031954 0.0097200 0.0081405 0.0081014 0.0080877 0.0081267 0.0116266 0.0134084 0.0152147 0.0169173 0.0099199 0.0223099 0.0204689 0.0224701 0.0186343 0.0205783 0.0082403 0.0187238 0.0168424 0.0082403 0.0186739 
13654_2612_3246_DQ853931_B_NA_NA 0.0115028 0.0147803 0.0097441 0.0080940 0.0149702 0.0114986 0.0080940 0.0097441 0.0080940 0.0097597 0.0097699 0.0097441 0.0080940 0.0097708 0.0080940 0.0114394 0.0114441 0.0097441 0.0114235 0.0080940 0.0081330 0.0000000 0.0080976 0.0080940 0.0080803 0.0097441 0.0114199 0.0148266 0.0114040 0.0097597 0.0114389 0.0097441 0.0114771 0.0097597 0.0130919 0.0097441 0.0082468 0.0131831 0.0200140 0.0182983 0.0166001 0.0200763 0.0166228 0.0148058 0.0199225 0.0148484 0.0148484 0.0130743 0.0148436 0.0130784 0.0147756 0.0114040 0.0164460 0.0148525 0.0131565 0.0131339 0.0130743 0.0148645 0.0114556 0.0165688 0.0147803 0.0183160 0.0131523 0.0182048 0.0165317 0.0131192 0.0165550 0.0148693 0.0148314 0.0217125 0.0235259 0.0235467 0.0200495 0.0235259 0.0148382 0.0181978 0.0130743 0.0148186 0.0114556 0.0148010 0.0149352 0.0164976 0.0148234 0.0097641 0.0131393 0.0097567 0.0165509 0.0236996 0.0048180 0.0097597 0.0080976 0.0048180 0.0148201 0.0097441 0.0048180 0.0081036 0.0114040 0.0064441 0.0064441 0.0080915 0.0080803 0.0114986 0.0080940 0.0081453 0.0097441 0.0064441 0.0131381 0.0097277 0.0080940 0.0147549 0.0131831 0.0131192 0.0130967 0.0131604 0.0168142 0.0186658 0.0205411 0.0222681 0.0150626 0.0278039 0.0259074 0.0280085 0.0240119 0.0260475 0.0133454 0.0241300 0.0221664 0.0133454 0.0240639 
13654_2612_3246_DQ853930_B_NA_NA 0.0064667 0.0096944 0.0047938 0.0031860 0.0098157 0.0064638 0.0031860 0.0047938 0.0031860 0.0048018 0.0048067 0.0047938 0.0031860 0.0048066 0.0031860 0.0064311 0.0064337 0.0047938 0.0064222 0.0031860 0.0032010 0.0080976 0.0000000 0.0031860 0.0031807 0.0047938 0.0064203 0.0097242 0.0064114 0.0048018 0.0064308 0.0047938 0.0064518 0.0048018 0.0080498 0.0047938 0.0032450 0.0081051 0.0164555 0.0147719 0.0114300 0.0148096 0.0114454 0.0097108 0.0146987 0.0097377 0.0097377 0.0080400 0.0097347 0.0113455 0.0096914 0.0096914 0.0113263 0.0097408 0.0080885 0.0080748 0.0080400 0.0097482 0.0064397 0.0114088 0.0096944 0.0131022 0.0080860 0.0130248 0.0113840 0.0080662 0.0147699 0.0097512 0.0097272 0.0164289 0.0181810 0.0181956 0.0147908 0.0181810 0.0097315 0.0130201 0.0113419 0.0113733 0.0064397 0.0097078 0.0097928 0.0113612 0.0113769 0.0113820 0.0080785 0.0048003 0.0113973 0.0183106 0.0031850 0.0080637 0.0031873 0.0031850 0.0097197 0.0047938 0.0031850 0.0031896 0.0064114 0.0047923 0.0015854 0.0031850 0.0031807 0.0064638 0.0031860 0.0080999 0.0047938 0.0015854 0.0080773 0.0047858 0.0031860 0.0096781 0.0081051 0.0080662 0.0080526 0.0080913 0.0115750 0.0133483 0.0151458 0.0168408 0.0098761 0.0222075 0.0203756 0.0223662 0.0185500 0.0204840 0.0082041 0.0186387 0.0167667 0.0082041 0.0185892 
13654_2612_3246_DQ853929_B_NA_NA 0.0064638 0.0096901 0.0047917 0.0031846 0.0098113 0.0064609 0.0031846 0.0047917 0.0031846 0.0047997 0.0048046 0.0047917 0.0031846 0.0048045 0.0031846 0.0064282 0.0064308 0.0047917 0.0064194 0.0031846 0.0031996 0.0080940 0.0031860 0.0000000 0.0031793 0.0047917 0.0064174 0.0097198 0.0064086 0.0047997 0.0064280 0.0047917 0.0064490 0.0047997 0.0080462 0.0047917 0.0032436 0.0081014 0.0164480 0.0147652 0.0114249 0.0148028 0.0114403 0.0097064 0.0146921 0.0097333 0.0097333 0.0080364 0.0097303 0.0113404 0.0096871 0.0096871 0.0113212 0.0097365 0.0080849 0.0080712 0.0080364 0.0097438 0.0064369 0.0114037 0.0096901 0.0130963 0.0080824 0.0130189 0.0080454 0.0080626 0.0147632 0.0097468 0.0064165 0.0164214 0.0181726 0.0181872 0.0147840 0.0181726 0.0097272 0.0130142 0.0113368 0.0113682 0.0064369 0.0097034 0.0097884 0.0113561 0.0113718 0.0113769 0.0080749 0.0047982 0.0113922 0.0183021 0.0031836 0.0047881 0.0031860 0.0031836 0.0097154 0.0047917 0.0031836 0.0000010 0.0031727 0.0047902 0.0015847 0.0031836 0.0031793 0.0064609 0.0031846 0.0080963 0.0047917 0.0015847 0.0080737 0.0047837 0.0000010 0.0096738 0.0081014 0.0080626 0.0080490 0.0080877 0.0115697 0.0133421 0.0151387 0.0168329 0.0098716 0.0221969 0.0203659 0.0223554 0.0185413 0.0204742 0.0082004 0.0186299 0.0167588 0.0082004 0.0185805 
13654_2612_3246_DQ853928_B_NA_NA 0.0064529 0.0096738 0.0047837 0.0031793 0.0097944 0.0064501 0.0031793 0.0047837 0.0031793 0.0047917 0.0047966 0.0047837 0.0031793 0.0047965 0.0031793 0.0064174 0.0064200 0.0047837 0.0064086 0.0031793 0.0031943 0.0080803 0.0031807 0.0031793 0.0000000 0.0047837 0.0064067 0.0097034 0.0063979 0.0047917 0.0064172 0.0047837 0.0064381 0.0047917 0.0080337 0.0047837 0.0032382 0.0080877 0.0164196 0.0147398 0.0114054 0.0147774 0.0114208 0.0096901 0.0146670 0.0097169 0.0097169 0.0080230 0.0097139 0.0113212 0.0096708 0.0096708 0.0113021 0.0097200 0.0080712 0.0080575 0.0080230 0.0097273 0.0064261 0.0113843 0.0096738 0.0130739 0.0080687 0.0129968 0.0113596 0.0080490 0.0147378 0.0097303 0.0097064 0.0163931 0.0181410 0.0181556 0.0147586 0.0181410 0.0097108 0.0129921 0.0113177 0.0113490 0.0064261 0.0096871 0.0097716 0.0113368 0.0113525 0.0113576 0.0080613 0.0047902 0.0113728 0.0182701 0.0031784 0.0080465 0.0031807 0.0031784 0.0096990 0.0047837 0.0031784 0.0031830 0.0063979 0.0047823 0.0015822 0.0031784 0.0031741 0.0064501 0.0031793 0.0080826 0.0047837 0.0015822 0.0080600 0.0047757 0.0031793 0.0096575 0.0080877 0.0080490 0.0080364 0.0080740 0.0115496 0.0133187 0.0151119 0.0168032 0.0098546 0.0221570 0.0203296 0.0223149 0.0185085 0.0204375 0.0081863 0.0185967 0.0167294 0.0081863 0.0185475 
13654_2612_3246_DQ853927_B_NA_NA 0.0048144 0.0080195 0.0031727 0.0015815 0.0081190 0.0048123 0.0015815 0.0031727 0.0015815 0.0031779 0.0000010 0.0031727 0.0015815 0.0031811 0.0015815 0.0047881 0.0047901 0.0031727 0.0047816 0.0047917 0.0048144 0.0097441 0.0047938 0.0047917 0.0047837 0.0000000 0.0047802 0.0080429 0.0047736 0.0031779 0.0047880 0.0031727 0.0048034 0.0031779 0.0063929 0.0031727 0.0016106 0.0064363 0.0181498 0.0164573 0.0097245 0.0130658 0.0097375 0.0080329 0.0129689 0.0080539 0.0080539 0.0063843 0.0080515 0.0096532 0.0080170 0.0080170 0.0096370 0.0080567 0.0064232 0.0064125 0.0063843 0.0080626 0.0047945 0.0097065 0.0080195 0.0113792 0.0064213 0.0113126 0.0096858 0.0064058 0.0130312 0.0080651 0.0080454 0.0146760 0.0164045 0.0164173 0.0130495 0.0164045 0.0080490 0.0113086 0.0096503 0.0130329 0.0047945 0.0080304 0.0081001 0.0096665 0.0130370 0.0130429 0.0097212 0.0064174 0.0096970 0.0165199 0.0047902 0.0097034 0.0047938 0.0047902 0.0113702 0.0064086 0.0047902 0.0047972 0.0080364 0.0064067 0.0031793 0.0047902 0.0047837 0.0081014 0.0047917 0.0064322 0.0031727 0.0031793 0.0097199 0.0063979 0.0047917 0.0080061 0.0064363 0.0064058 0.0063950 0.0047887 0.0098471 0.0115914 0.0133601 0.0150408 0.0081687 0.0203409 0.0185340 0.0204845 0.0167349 0.0186318 0.0065144 0.0168140 0.0149755 0.0065144 0.0167700 
13654_2612_3246_DQ853926_B_NA_NA 0.0064481 0.0096665 0.0047802 0.0031770 0.0097869 0.0064452 0.0031770 0.0047802 0.0031770 0.0047881 0.0047931 0.0047802 0.0031770 0.0047929 0.0031770 0.0064127 0.0064152 0.0047802 0.0064038 0.0064174 0.0064481 0.0114199 0.0064203 0.0064174 0.0064067 0.0047802 0.0000000 0.0096961 0.0063931 0.0047881 0.0064124 0.0047802 0.0064333 0.0047881 0.0080277 0.0047802 0.0032358 0.0080816 0.0198901 0.0181855 0.0113967 0.0147659 0.0114120 0.0096828 0.0113126 0.0097095 0.0097095 0.0080170 0.0097065 0.0113126 0.0096635 0.0096635 0.0112935 0.0097127 0.0080651 0.0080515 0.0080170 0.0097199 0.0064213 0.0113756 0.0096665 0.0130638 0.0080626 0.0129869 0.0113510 0.0080429 0.0147264 0.0097230 0.0096991 0.0163803 0.0181267 0.0181413 0.0113827 0.0181267 0.0097034 0.0129821 0.0113091 0.0147284 0.0064213 0.0096798 0.0064598 0.0113282 0.0147331 0.0147398 0.0113927 0.0080577 0.0113642 0.0182556 0.0064155 0.0113718 0.0064203 0.0064155 0.0130535 0.0080465 0.0064155 0.0064250 0.0096871 0.0080440 0.0047902 0.0064155 0.0064067 0.0097656 0.0064174 0.0080765 0.0047802 0.0047902 0.0113914 0.0080340 0.0064174 0.0096503 0.0080816 0.0080429 0.0080304 0.0080679 0.0115406 0.0133082 0.0150999 0.0167898 0.0098471 0.0221388 0.0203130 0.0222964 0.0184936 0.0204208 0.0081801 0.0185817 0.0167161 0.0081801 0.0185326 
13654_2612_3246_DQ853925_B_NA_NA 0.0097656 0.0130131 0.0080429 0.0064146 0.0131605 0.0097491 0.0064146 0.0080429 0.0064060 0.0080565 0.0080649 0.0080429 0.0064146 0.0080657 0.0064146 0.0097125 0.0097164 0.0080429 0.0096862 0.0097198 0.0097534 0.0148266 0.0097242 0.0097198 0.0097034 0.0080429 0.0096961 0.0000000 0.0096828 0.0080565 0.0097121 0.0080429 0.0097441 0.0080565 0.0113469 0.0080429 0.0065346 0.0114251 0.0234340 0.0217033 0.0147961 0.0182243 0.0148161 0.0130353 0.0180863 0.0130721 0.0130721 0.0113318 0.0130680 0.0146854 0.0129916 0.0130090 0.0146603 0.0130760 0.0114021 0.0113827 0.0113318 0.0130862 0.0097260 0.0147685 0.0130131 0.0164897 0.0113985 0.0163909 0.0147359 0.0113703 0.0181747 0.0130904 0.0130576 0.0198480 0.0216321 0.0181788 0.0182005 0.0216321 0.0130635 0.0163848 0.0146807 0.0181771 0.0097260 0.0130312 0.0131478 0.0147059 0.0181831 0.0181914 0.0147906 0.0113912 0.0147530 0.0217894 0.0097038 0.0147632 0.0097242 0.0097168 0.0164764 0.0113754 0.0097168 0.0097313 0.0130412 0.0113718 0.0080601 0.0097168 0.0097034 0.0131494 0.0097198 0.0114028 0.0080429 0.0080601 0.0147895 0.0113561 0.0097068 0.0129910 0.0114251 0.0113703 0.0113510 0.0114056 0.0149853 0.0168018 0.0186419 0.0203501 0.0132592 0.0258025 0.0239371 0.0259897 0.0220745 0.0240653 0.0115643 0.0221816 0.0202588 0.0115643 0.0221217 
13654_2612_3246_DQ853921_B_NA_NA 0.0064392 0.0096532 0.0047736 0.0031727 0.0097733 0.0064363 0.0031727 0.0047736 0.0031727 0.0047816 0.0047865 0.0047736 0.0031727 0.0047864 0.0031727 0.0064038 0.0064064 0.0047736 0.0063950 0.0064086 0.0064392 0.0114040 0.0064114 0.0064086 0.0063979 0.0047736 0.0063931 0.0096828 0.0000000 0.0047816 0.0064036 0.0047736 0.0064245 0.0047816 0.0080167 0.0047736 0.0032313 0.0080704 0.0198620 0.0181599 0.0113809 0.0147452 0.0113962 0.0096695 0.0146353 0.0096962 0.0096962 0.0080061 0.0096932 0.0112971 0.0096503 0.0096503 0.0079952 0.0096993 0.0080539 0.0080413 0.0080061 0.0097065 0.0064125 0.0113598 0.0096532 0.0130457 0.0080515 0.0129689 0.0113353 0.0080329 0.0147059 0.0097095 0.0096858 0.0163575 0.0181013 0.0181158 0.0147266 0.0181013 0.0096901 0.0129642 0.0112935 0.0147078 0.0064125 0.0096665 0.0097515 0.0113126 0.0147126 0.0147192 0.0113769 0.0080465 0.0113485 0.0182298 0.0064067 0.0113561 0.0064114 0.0064067 0.0130354 0.0080364 0.0064067 0.0064161 0.0096738 0.0080340 0.0047837 0.0064067 0.0063979 0.0097530 0.0064086 0.0080653 0.0047736 0.0047837 0.0113756 0.0080230 0.0064086 0.0096370 0.0080704 0.0080329 0.0080195 0.0080567 0.0115243 0.0132893 0.0150792 0.0167658 0.0098332 0.0185594 0.0202838 0.0222639 0.0184671 0.0203912 0.0081687 0.0185550 0.0166923 0.0081687 0.0185060 
13654_2612_3246_DQ853920_B_NA_NA 0.0048225 0.0080329 0.0031779 0.0015841 0.0081328 0.0048203 0.0015841 0.0031779 0.0015841 0.0031832 0.0031865 0.0031779 0.0015841 0.0031864 0.0015841 0.0047961 0.0047980 0.0031779 0.0047896 0.0047997 0.0048225 0.0097597 0.0048018 0.0047997 0.0047917 0.0031779 0.0047881 0.0080565 0.0047816 0.0000000 0.0047959 0.0031779 0.0048115 0.0031832 0.0064036 0.0031779 0.0016133 0.0064472 0.0181813 0.0164858 0.0097410 0.0130882 0.0097541 0.0080454 0.0129910 0.0080676 0.0080676 0.0063950 0.0080651 0.0096695 0.0080304 0.0080304 0.0096532 0.0080704 0.0064340 0.0064232 0.0063950 0.0080763 0.0048025 0.0097230 0.0080329 0.0113985 0.0064321 0.0113318 0.0097021 0.0064165 0.0130534 0.0080788 0.0080590 0.0147012 0.0164328 0.0164457 0.0130718 0.0164328 0.0080626 0.0113277 0.0096665 0.0130552 0.0048025 0.0080429 0.0081139 0.0096828 0.0130593 0.0130652 0.0097376 0.0064282 0.0097134 0.0165487 0.0047982 0.0097198 0.0048018 0.0047982 0.0113896 0.0064194 0.0047982 0.0048052 0.0080490 0.0064174 0.0031846 0.0047982 0.0047917 0.0081152 0.0047997 0.0064430 0.0031779 0.0031846 0.0097363 0.0064086 0.0047997 0.0080195 0.0064472 0.0064165 0.0064058 0.0064363 0.0098640 0.0116115 0.0133836 0.0150672 0.0081826 0.0203773 0.0185669 0.0205214 0.0167644 0.0186651 0.0065255 0.0168437 0.0150017 0.0065255 0.0167996 
