112
13654_818_1207_DQ854068_B_NA_NA 0.0000000 0.0428330 0.0342818 0.0265362 0.0371838 0.0264387 0.0197249 0.0196424 0.0233383 0.0266495 0.0303334 0.0107541 0.0234405 0.0343505 0.0234061 0.0170505 0.0264232 0.0232274 0.0382358 0.0232409 0.0172074 0.0204849 0.0243004 0.0274680 0.0237172 0.0235049 0.0200241 0.0168799 0.0233330 0.0168895 0.0204149 0.0232326 0.0196313 0.0176375 0.0200125 0.0237172 0.0336413 0.0172432 0.0342152 0.0205139 0.0167492 0.0268627 0.0209997 0.0168272 0.0172396 0.0108475 0.0169922 0.0201437 0.0199169 0.0169922 0.0236125 0.0137464 0.0265732 0.0204439 0.0168272 0.0139353 0.0201554 0.0342716 0.0265984 0.0139353 0.0169922 0.0201436 0.0169922 0.0108185 0.0235049 0.0266588 0.0137387 0.0204269 0.0168272 0.0198639 0.0234199 0.0138054 0.0108185 0.0204270 0.0168272 0.0138054 0.0138879 0.0168272 0.0168272 0.0199582 0.0169109 0.0168272 0.0167587 0.0137387 0.0137387 0.0167587 0.0167492 0.0198526 0.0137387 0.0138102 0.0167492 0.0140747 0.0138102 0.0137464 0.0138054 0.0137387 0.0167492 0.0137387 0.0138054 0.0170023 0.0137464 0.0137387 0.0140087 0.0232139 0.0168836 0.0167492 0.0165672 0.0339297 0.0299415 0.0198194 0.0201436 0.0199431 
13654_818_1207_DQ854067_B_NA_NA 0.0428330 0.0000000 0.0479462 0.0345605 0.0474337 0.0346732 0.0210149 0.0428330 0.0386447 0.0346860 0.0274320 0.0345816 0.0249830 0.0433642 0.0275393 0.0315327 0.0275228 0.0174832 0.0473354 0.0309728 0.0317868 0.0400424 0.0369445 0.0318623 0.0285116 0.0276468 0.0348200 0.0309540 0.0310766 0.0240403 0.0431873 0.0385190 0.0279380 0.0401512 0.0345816 0.0285116 0.0354599 0.0279563 0.0482755 0.0523509 0.0279380 0.0311576 0.0322395 0.0352789 0.0361044 0.0310652 0.0275393 0.0310464 0.0275393 0.0275393 0.0349112 0.0315308 0.0391437 0.0315134 0.0352789 0.0241272 0.0384074 0.0479330 0.0432678 0.0319898 0.0207949 0.0319679 0.0207949 0.0279550 0.0347858 0.0392770 0.0315115 0.0399199 0.0280472 0.0315115 0.0208072 0.0316241 0.0279550 0.0399234 0.0352789 0.0316241 0.0318329 0.0352789 0.0352789 0.0390709 0.0354055 0.0352789 0.0351870 0.0315115 0.0315115 0.0351870 0.0279380 0.0389199 0.0315115 0.0316359 0.0351653 0.0322685 0.0282090 0.0315308 0.0316241 0.0315115 0.0351653 0.0315115 0.0316241 0.0357122 0.0315308 0.0315115 0.0309728 0.0382719 0.0385190 0.0351653 0.0244781 0.0441323 0.0240117 0.0279550 0.0319679 0.0395751 
13654_818_1207_DQ854066_B_NA_NA 0.0342818 0.0479462 0.0000000 0.0424772 0.0465259 0.0347705 0.0205939 0.0271936 0.0387705 0.0426013 0.0276887 0.0425038 0.0244772 0.0342254 0.0208028 0.0316084 0.0275703 0.0242502 0.0560183 0.0386585 0.0235842 0.0234025 0.0286239 0.0319407 0.0279385 0.0276953 0.0349183 0.0386345 0.0387610 0.0312605 0.0433474 0.0386440 0.0204946 0.0402907 0.0425038 0.0279385 0.0460038 0.0280073 0.0467039 0.0468629 0.0204946 0.0242413 0.0323206 0.0272838 0.0209143 0.0311368 0.0275870 0.0311179 0.0275870 0.0275870 0.0350101 0.0238086 0.0308791 0.0315889 0.0272838 0.0241536 0.0385318 0.0390027 0.0382110 0.0241536 0.0208028 0.0241385 0.0208028 0.0205066 0.0348838 0.0309811 0.0237945 0.0315006 0.0205866 0.0237945 0.0276037 0.0238948 0.0205066 0.0315025 0.0272838 0.0238948 0.0240471 0.0272838 0.0272838 0.0307984 0.0274005 0.0272838 0.0271936 0.0237945 0.0237945 0.0271936 0.0204946 0.0237804 0.0237945 0.0239035 0.0271774 0.0243798 0.0239035 0.0238086 0.0238948 0.0237945 0.0271774 0.0237945 0.0238948 0.0276025 0.0238086 0.0237945 0.0386585 0.0464285 0.0312489 0.0271774 0.0173010 0.0353690 0.0312224 0.0205066 0.0241385 0.0346916 
13654_818_1207_DQ854065_B_NA_NA 0.0265362 0.0345605 0.0424772 0.0000000 0.0325418 0.0283482 0.0161493 0.0223038 0.0191288 0.0189647 0.0230606 0.0196381 0.0201005 0.0259012 0.0231565 0.0133154 0.0225538 0.0134009 0.0258864 0.0130813 0.0193899 0.0276783 0.0318884 0.0271606 0.0239589 0.0232538 0.0160864 0.0130743 0.0131397 0.0076103 0.0231141 0.0195312 0.0228788 0.0203817 0.0163405 0.0239589 0.0305790 0.0170681 0.0351571 0.0314016 0.0234857 0.0265682 0.0207752 0.0235847 0.0241624 0.0134647 0.0168231 0.0199362 0.0164063 0.0168231 0.0233596 0.0202411 0.0341033 0.0202293 0.0235847 0.0138018 0.0199467 0.0424652 0.0307081 0.0205314 0.0168231 0.0272421 0.0168231 0.0170684 0.0232538 0.0342168 0.0202293 0.0275972 0.0235847 0.0268564 0.0231700 0.0203199 0.0170684 0.0275984 0.0235847 0.0203199 0.0204473 0.0235847 0.0235847 0.0269718 0.0236926 0.0235847 0.0234995 0.0202293 0.0202293 0.0234995 0.0234857 0.0268405 0.0202293 0.0203272 0.0234857 0.0207291 0.0172353 0.0202411 0.0203199 0.0202293 0.0234857 0.0202293 0.0203199 0.0238516 0.0202411 0.0202293 0.0137428 0.0188667 0.0190401 0.0303151 0.0197137 0.0376898 0.0193505 0.0306363 0.0243514 0.0266498 
13654_818_1207_DQ854064_B_NA_NA 0.0371838 0.0474337 0.0465259 0.0325418 0.0000000 0.0397682 0.0192138 0.0255688 0.0294668 0.0292566 0.0272421 0.0303823 0.0195270 0.0446005 0.0273494 0.0296691 0.0335344 0.0232134 0.0445735 0.0226215 0.0369475 0.0313323 0.0309113 0.0391832 0.0207167 0.0346066 0.0327875 0.0291415 0.0292566 0.0226215 0.0418188 0.0301563 0.0262383 0.0388555 0.0334642 0.0274879 0.0305261 0.0277644 0.0426665 0.0465434 0.0269449 0.0383267 0.0320521 0.0270505 0.0277042 0.0300480 0.0273494 0.0308597 0.0266233 0.0273494 0.0423046 0.0235981 0.0378847 0.0313256 0.0270505 0.0239383 0.0382383 0.0465130 0.0306546 0.0239383 0.0273494 0.0232393 0.0273494 0.0203199 0.0346066 0.0380119 0.0235842 0.0312395 0.0270505 0.0235842 0.0345148 0.0236835 0.0203199 0.0273494 0.0270505 0.0236835 0.0238337 0.0270505 0.0270505 0.0305445 0.0271663 0.0270505 0.0203199 0.0235842 0.0235842 0.0269609 0.0269449 0.0304051 0.0235842 0.0236920 0.0269449 0.0241618 0.0236920 0.0235981 0.0236835 0.0235842 0.0269449 0.0235842 0.0236835 0.0273647 0.0235981 0.0235842 0.0307858 0.0360397 0.0362769 0.0339890 0.0229738 0.0305670 0.0299222 0.0272507 0.0308579 0.0407553 
13654_818_1207_DQ854063_B_NA_NA 0.0264387 0.0346732 0.0347705 0.0283482 0.0397682 0.0000000 0.0162227 0.0286518 0.0252420 0.0317947 0.0231565 0.0261686 0.0201900 0.0324931 0.0167488 0.0191453 0.0163260 0.0134647 0.0397460 0.0251452 0.0133752 0.0275763 0.0246583 0.0203813 0.0240605 0.0168269 0.0220178 0.0189583 0.0252365 0.0189687 0.0230231 0.0258006 0.0165579 0.0202956 0.0225793 0.0240605 0.0379911 0.0169918 0.0386234 0.0312966 0.0169824 0.0199397 0.0206870 0.0234911 0.0240661 0.0134037 0.0167488 0.0198526 0.0163350 0.0167488 0.0232673 0.0201554 0.0269522 0.0201437 0.0234911 0.0137381 0.0263822 0.0275781 0.0306047 0.0204439 0.0108118 0.0204318 0.0108118 0.0169922 0.0231618 0.0270400 0.0139273 0.0274956 0.0170624 0.0201437 0.0167583 0.0202339 0.0169922 0.0274968 0.0234911 0.0202339 0.0203604 0.0234911 0.0234911 0.0202411 0.0235986 0.0234911 0.0234061 0.0201437 0.0201437 0.0234061 0.0169824 0.0267414 0.0201437 0.0202411 0.0233924 0.0206406 0.0171580 0.0201554 0.0202339 0.0201437 0.0233924 0.0201437 0.0202339 0.0237564 0.0201554 0.0201437 0.0199582 0.0251171 0.0189624 0.0169824 0.0135845 0.0303566 0.0194351 0.0236735 0.0204318 0.0200348 
13654_818_1207_DQ854062_B_NA_NA 0.0197249 0.0210149 0.0205939 0.0161493 0.0192138 0.0162227 0.0000000 0.0160092 0.0193986 0.0192309 0.0109620 0.0199239 0.0025749 0.0262740 0.0110178 0.0135002 0.0107430 0.0025486 0.0262588 0.0132606 0.0136241 0.0142425 0.0114669 0.0143733 0.0053593 0.0110741 0.0163110 0.0132534 0.0133205 0.0077112 0.0234542 0.0198121 0.0051377 0.0206862 0.0165719 0.0053593 0.0200311 0.0111764 0.0239905 0.0273037 0.0052605 0.0140616 0.0146185 0.0109184 0.0111877 0.0136537 0.0110178 0.0139927 0.0107489 0.0110178 0.0172361 0.0080251 0.0139287 0.0141974 0.0109184 0.0081324 0.0202411 0.0205866 0.0201319 0.0081324 0.0053321 0.0081286 0.0053321 0.0052634 0.0171490 0.0139718 0.0080207 0.0142029 0.0052884 0.0080207 0.0110241 0.0080624 0.0052634 0.0142024 0.0109184 0.0080624 0.0081102 0.0109184 0.0109184 0.0138736 0.0109775 0.0109184 0.0108696 0.0080207 0.0080207 0.0108696 0.0052605 0.0137946 0.0080207 0.0080651 0.0108635 0.0082170 0.0080651 0.0080251 0.0080624 0.0080207 0.0108635 0.0080207 0.0080624 0.0110248 0.0080251 0.0080207 0.0139401 0.0191307 0.0193080 0.0108635 0.0025294 0.0169402 0.0078920 0.0110057 0.0081286 0.0166754 
13654_818_1207_DQ854061_B_NA_NA 0.0196424 0.0428330 0.0271936 0.0223038 0.0255688 0.0286518 0.0160092 0.0000000 0.0193187 0.0193145 0.0170684 0.0200125 0.0199097 0.0329552 0.0109644 0.0134398 0.0227888 0.0197249 0.0331442 0.0192350 0.0195849 0.0204849 0.0243004 0.0274680 0.0172356 0.0235049 0.0162405 0.0192244 0.0193145 0.0133233 0.0233615 0.0197293 0.0163354 0.0205983 0.0229051 0.0237172 0.0336413 0.0172432 0.0342152 0.0272035 0.0167492 0.0202339 0.0209997 0.0168272 0.0172396 0.0135910 0.0169922 0.0201437 0.0165672 0.0169922 0.0236125 0.0137464 0.0265732 0.0204439 0.0168272 0.0139353 0.0201554 0.0342716 0.0265984 0.0139353 0.0169922 0.0201436 0.0169922 0.0108185 0.0235049 0.0266588 0.0137387 0.0204269 0.0168272 0.0198639 0.0234199 0.0138054 0.0108185 0.0204270 0.0168272 0.0138054 0.0138879 0.0168272 0.0168272 0.0199582 0.0169109 0.0168272 0.0167587 0.0137387 0.0137387 0.0167587 0.0167492 0.0198526 0.0137387 0.0138102 0.0167492 0.0140747 0.0138102 0.0137464 0.0138054 0.0137387 0.0167492 0.0137387 0.0138054 0.0170023 0.0137464 0.0137387 0.0202529 0.0254721 0.0133189 0.0230654 0.0134043 0.0232052 0.0261525 0.0233401 0.0201436 0.0228162 
13654_818_1207_DQ854060_B_NA_NA 0.0233383 0.0386447 0.0387705 0.0191288 0.0294668 0.0252420 0.0193986 0.0193187 0.0000000 0.0222921 0.0266975 0.0231051 0.0236459 0.0226210 0.0200471 0.0078262 0.0195312 0.0165713 0.0295163 0.0104615 0.0164580 0.0243502 0.0284115 0.0238863 0.0277325 0.0201365 0.0132778 0.0161591 0.0162378 0.0104615 0.0200208 0.0107185 0.0198121 0.0173009 0.0196337 0.0277325 0.0274281 0.0140772 0.0351259 0.0279738 0.0203318 0.0233650 0.0176434 0.0204229 0.0209294 0.0106654 0.0138760 0.0169105 0.0135365 0.0138760 0.0202333 0.0171689 0.0306636 0.0171586 0.0204229 0.0109300 0.0169202 0.0387593 0.0206305 0.0174139 0.0138760 0.0239526 0.0138760 0.0140778 0.0201365 0.0307646 0.0171589 0.0242793 0.0204229 0.0171589 0.0200587 0.0172400 0.0140778 0.0242800 0.0204229 0.0172400 0.0173473 0.0204229 0.0204229 0.0237206 0.0205218 0.0204229 0.0203437 0.0171589 0.0171589 0.0203437 0.0203318 0.0235986 0.0171589 0.0172461 0.0203318 0.0175867 0.0142188 0.0171689 0.0172400 0.0171589 0.0203318 0.0171589 0.0172400 0.0206483 0.0171689 0.0171589 0.0170055 0.0221814 0.0161626 0.0269780 0.0167261 0.0341653 0.0227610 0.0205866 0.0239526 0.0234568 
13654_818_1207_DQ854059_B_NA_NA 0.0266495 0.0346860 0.0426013 0.0189647 0.0292566 0.0317947 0.0192309 0.0193145 0.0222921 0.0000000 0.0168290 0.0136578 0.0201972 0.0293241 0.0169067 0.0163106 0.0226550 0.0134692 0.0293072 0.0160228 0.0226032 0.0277973 0.0320146 0.0272773 0.0174887 0.0233596 0.0191457 0.0160141 0.0160917 0.0103608 0.0232188 0.0196226 0.0229822 0.0204801 0.0164210 0.0240693 0.0307008 0.0171547 0.0352838 0.0315259 0.0235932 0.0266818 0.0208762 0.0236926 0.0242736 0.0135336 0.0169067 0.0200311 0.0164872 0.0169067 0.0234660 0.0203390 0.0342278 0.0203272 0.0236926 0.0138729 0.0200426 0.0425894 0.0308301 0.0206314 0.0169067 0.0273594 0.0169067 0.0171550 0.0233596 0.0343416 0.0203272 0.0277157 0.0236926 0.0269718 0.0232756 0.0204183 0.0171550 0.0277169 0.0236926 0.0204183 0.0205465 0.0236926 0.0236926 0.0270874 0.0238009 0.0236926 0.0236071 0.0203272 0.0203272 0.0236071 0.0235932 0.0269557 0.0203272 0.0204256 0.0235932 0.0208304 0.0173231 0.0203390 0.0204183 0.0203272 0.0235932 0.0203272 0.0204183 0.0239613 0.0203390 0.0203272 0.0138143 0.0220009 0.0221937 0.0304362 0.0198077 0.0305799 0.0194418 0.0307578 0.0273594 0.0267629 
13654_818_1207_DQ854058_B_NA_NA 0.0303334 0.0274320 0.0276887 0.0230606 0.0272421 0.0231565 0.0109620 0.0170684 0.0266975 0.0168290 0.0000000 0.0167546 0.0142700 0.0308115 0.0052599 0.0202411 0.0168136 0.0079786 0.0344010 0.0198709 0.0204223 0.0276783 0.0247573 0.0204682 0.0112274 0.0169009 0.0232756 0.0198595 0.0199537 0.0137428 0.0306160 0.0265838 0.0170586 0.0277556 0.0230740 0.0173994 0.0305790 0.0170681 0.0351571 0.0388320 0.0170586 0.0138603 0.0207752 0.0235847 0.0241624 0.0199467 0.0168231 0.0199362 0.0168231 0.0168231 0.0233596 0.0202411 0.0270517 0.0202293 0.0235847 0.0138018 0.0264799 0.0348650 0.0307081 0.0205314 0.0108627 0.0205192 0.0108627 0.0170684 0.0232538 0.0271398 0.0202293 0.0275972 0.0171391 0.0202293 0.0168327 0.0203199 0.0170684 0.0275984 0.0235847 0.0203199 0.0204473 0.0235847 0.0235847 0.0269718 0.0236926 0.0235847 0.0234995 0.0202293 0.0202293 0.0234995 0.0170586 0.0268405 0.0202293 0.0203272 0.0234857 0.0207291 0.0172353 0.0202411 0.0203199 0.0202293 0.0234857 0.0202293 0.0203199 0.0238516 0.0202411 0.0202293 0.0198709 0.0263607 0.0200356 0.0234857 0.0139927 0.0242731 0.0137274 0.0170684 0.0205192 0.0273743 
13654_818_1207_DQ854057_B_NA_NA 0.0107541 0.0345816 0.0425038 0.0196381 0.0303823 0.0261686 0.0199239 0.0200125 0.0231051 0.0136578 0.0167546 0.0000000 0.0236900 0.0339785 0.0168327 0.0168892 0.0261534 0.0165715 0.0304284 0.0165808 0.0170434 0.0276951 0.0319082 0.0271769 0.0174096 0.0232673 0.0198303 0.0107006 0.0166541 0.0107065 0.0202135 0.0230011 0.0265362 0.0174652 0.0135950 0.0239732 0.0305975 0.0170780 0.0351788 0.0243894 0.0234995 0.0265838 0.0207875 0.0235986 0.0241769 0.0107541 0.0168327 0.0199467 0.0197249 0.0168327 0.0233733 0.0202529 0.0341241 0.0202411 0.0235986 0.0138095 0.0199582 0.0424918 0.0307267 0.0205435 0.0168327 0.0272585 0.0168327 0.0170783 0.0232673 0.0342376 0.0202411 0.0276139 0.0235986 0.0268724 0.0231835 0.0203318 0.0170783 0.0276151 0.0235986 0.0203318 0.0204593 0.0235986 0.0235986 0.0269878 0.0237066 0.0235986 0.0235133 0.0202411 0.0202411 0.0235133 0.0234995 0.0268564 0.0202411 0.0203390 0.0234995 0.0207414 0.0172453 0.0202529 0.0203318 0.0202411 0.0234995 0.0202411 0.0203318 0.0238658 0.0202529 0.0202411 0.0079874 0.0165632 0.0167257 0.0234995 0.0232274 0.0345363 0.0227972 0.0267801 0.0272585 0.0236913 
13654_818_1207_DQ854056_B_NA_NA 0.0234405 0.0249830 0.0244772 0.0201005 0.0195270 0.0201900 0.0025749 0.0199097 0.0236459 0.0201972 0.0142700 0.0236900 0.0000000 0.0276220 0.0143413 0.0172950 0.0139703 0.0053026 0.0311243 0.0169738 0.0174553 0.0177920 0.0082622 0.0179664 0.0083725 0.0144130 0.0202990 0.0169641 0.0170497 0.0109608 0.0274304 0.0235388 0.0080132 0.0245886 0.0201121 0.0083725 0.0238117 0.0145557 0.0280491 0.0315240 0.0082123 0.0175659 0.0182587 0.0142029 0.0145604 0.0170437 0.0143413 0.0174824 0.0139783 0.0143413 0.0209245 0.0111369 0.0173892 0.0177466 0.0142029 0.0112921 0.0240749 0.0244689 0.0239263 0.0112921 0.0083292 0.0080614 0.0083292 0.0082170 0.0208228 0.0174446 0.0111305 0.0177409 0.0082558 0.0111305 0.0143496 0.0111877 0.0082170 0.0177407 0.0142029 0.0111877 0.0112562 0.0142029 0.0142029 0.0173234 0.0142785 0.0142029 0.0141411 0.0111305 0.0111305 0.0141411 0.0082123 0.0172256 0.0111305 0.0111916 0.0141330 0.0114098 0.0111916 0.0111369 0.0111877 0.0111305 0.0141330 0.0111305 0.0111877 0.0143502 0.0111369 0.0111305 0.0174199 0.0233290 0.0235388 0.0141330 0.0052596 0.0205575 0.0109485 0.0143196 0.0112863 0.0202155 
13654_818_1207_DQ854055_B_NA_NA 0.0343505 0.0433642 0.0342254 0.0259012 0.0446005 0.0324931 0.0262740 0.0329552 0.0226210 0.0293241 0.0308115 0.0339785 0.0276220 0.0000000 0.0238178 0.0198657 0.0231838 0.0200820 0.0445345 0.0292262 0.0221029 0.0204760 0.0327768 0.0279300 0.0320025 0.0239182 0.0259307 0.0292094 0.0293241 0.0227094 0.0306047 0.0266056 0.0235250 0.0277692 0.0300057 0.0320025 0.0390709 0.0175760 0.0397185 0.0398319 0.0241624 0.0273113 0.0213914 0.0242647 0.0248685 0.0199979 0.0173170 0.0205140 0.0168772 0.0173170 0.0309409 0.0208352 0.0350101 0.0208229 0.0242647 0.0142106 0.0272209 0.0435124 0.0315529 0.0211404 0.0173170 0.0280164 0.0173170 0.0175763 0.0239182 0.0351281 0.0208228 0.0283834 0.0242647 0.0276139 0.0238319 0.0209169 0.0175763 0.0283848 0.0242647 0.0209169 0.0210509 0.0242647 0.0242647 0.0277325 0.0243763 0.0242647 0.0241769 0.0208228 0.0208228 0.0241769 0.0241624 0.0275972 0.0208228 0.0209245 0.0241624 0.0213470 0.0177512 0.0144215 0.0209169 0.0208228 0.0241624 0.0208228 0.0209169 0.0245458 0.0208352 0.0208228 0.0273376 0.0360684 0.0292160 0.0311484 0.0202800 0.0386539 0.0265840 0.0314764 0.0280164 0.0344360 
13654_818_1207_DQ854054_B_NA_NA 0.0234061 0.0275393 0.0208028 0.0231565 0.0273494 0.0167488 0.0110178 0.0109644 0.0200471 0.0169067 0.0052599 0.0168327 0.0143413 0.0238178 0.0000000 0.0139346 0.0108058 0.0080199 0.0345133 0.0199582 0.0140660 0.0207812 0.0179251 0.0140967 0.0112856 0.0108651 0.0168423 0.0199467 0.0200426 0.0138095 0.0236374 0.0199512 0.0109582 0.0208401 0.0231700 0.0174824 0.0306896 0.0109637 0.0312317 0.0312966 0.0109582 0.0080172 0.0143348 0.0170624 0.0174864 0.0137381 0.0108118 0.0137304 0.0108118 0.0108118 0.0169105 0.0139353 0.0203127 0.0139267 0.0170624 0.0079803 0.0198639 0.0275781 0.0237232 0.0141304 0.0052334 0.0141228 0.0052334 0.0109644 0.0168269 0.0203774 0.0139273 0.0207216 0.0110140 0.0139273 0.0108178 0.0139958 0.0109644 0.0207217 0.0170624 0.0139958 0.0140815 0.0170624 0.0170624 0.0202411 0.0171490 0.0170624 0.0169922 0.0139273 0.0139273 0.0169922 0.0109582 0.0201319 0.0139273 0.0140007 0.0169824 0.0142733 0.0110755 0.0139353 0.0139958 0.0139273 0.0169824 0.0139273 0.0139958 0.0172435 0.0139353 0.0139273 0.0199582 0.0264643 0.0138048 0.0169824 0.0080873 0.0175547 0.0137940 0.0109644 0.0141228 0.0205650 
13654_818_1207_DQ854053_B_NA_NA 0.0170505 0.0315327 0.0316084 0.0133154 0.0296691 0.0191453 0.0135002 0.0134398 0.0078262 0.0163106 0.0202411 0.0168892 0.0172950 0.0198657 0.0139346 0.0000000 0.0135838 0.0107541 0.0231064 0.0104971 0.0106829 0.0178020 0.0215799 0.0174525 0.0210446 0.0140032 0.0077532 0.0104915 0.0105463 0.0050863 0.0139284 0.0107564 0.0137767 0.0112274 0.0136608 0.0210446 0.0276151 0.0082048 0.0281187 0.0212424 0.0141304 0.0170719 0.0114626 0.0142006 0.0145590 0.0051821 0.0080910 0.0109637 0.0078973 0.0080910 0.0140772 0.0111280 0.0239445 0.0111209 0.0142006 0.0053072 0.0109699 0.0315986 0.0207463 0.0112834 0.0080910 0.0174914 0.0080910 0.0082055 0.0140032 0.0240226 0.0111217 0.0177507 0.0142006 0.0172432 0.0139426 0.0111789 0.0082055 0.0177505 0.0142006 0.0111789 0.0112475 0.0142006 0.0142006 0.0173314 0.0142763 0.0142006 0.0141386 0.0111217 0.0111217 0.0141386 0.0141304 0.0172332 0.0111217 0.0111829 0.0141304 0.0114012 0.0082908 0.0111280 0.0111789 0.0111217 0.0141304 0.0111217 0.0111789 0.0143482 0.0111280 0.0111217 0.0110296 0.0162223 0.0104937 0.0204439 0.0108475 0.0273074 0.0166390 0.0207019 0.0174914 0.0171651 
13654_818_1207_DQ854052_B_NA_NA 0.0264232 0.0275228 0.0275703 0.0225538 0.0335344 0.0163260 0.0107430 0.0227888 0.0195312 0.0226550 0.0168136 0.0261534 0.0139703 0.0231838 0.0108058 0.0135838 0.0000000 0.0078263 0.0335603 0.0194460 0.0137083 0.0207688 0.0179143 0.0140886 0.0174721 0.0108590 0.0164154 0.0194351 0.0195269 0.0134647 0.0230098 0.0194394 0.0106860 0.0202838 0.0225666 0.0174721 0.0306711 0.0109575 0.0312127 0.0312774 0.0109521 0.0137893 0.0143264 0.0170526 0.0174761 0.0133964 0.0108058 0.0137227 0.0105470 0.0108058 0.0169009 0.0139273 0.0203008 0.0139188 0.0170526 0.0079759 0.0198526 0.0275614 0.0237092 0.0141222 0.0052305 0.0141147 0.0052305 0.0109582 0.0168173 0.0203655 0.0139194 0.0207093 0.0110078 0.0139194 0.0108118 0.0139878 0.0109582 0.0207094 0.0170526 0.0139878 0.0140734 0.0170526 0.0170526 0.0202293 0.0171391 0.0170526 0.0169824 0.0139194 0.0139194 0.0169824 0.0109521 0.0201202 0.0139194 0.0139927 0.0169726 0.0142650 0.0110692 0.0139273 0.0139878 0.0139194 0.0169726 0.0139194 0.0139878 0.0172335 0.0139273 0.0139194 0.0199467 0.0257653 0.0194394 0.0169726 0.0078894 0.0235214 0.0134499 0.0171910 0.0141147 0.0200233 
13654_818_1207_DQ854051_B_NA_NA 0.0232274 0.0174832 0.0242502 0.0134009 0.0232134 0.0134647 0.0025486 0.0197249 0.0165713 0.0134692 0.0079786 0.0165715 0.0053026 0.0200820 0.0080199 0.0107541 0.0078263 0.0000000 0.0232887 0.0105619 0.0108558 0.0176161 0.0147772 0.0111539 0.0082850 0.0080616 0.0135411 0.0105562 0.0106117 0.0051161 0.0199211 0.0164908 0.0079325 0.0172096 0.0134082 0.0082850 0.0204223 0.0081316 0.0244696 0.0278477 0.0081278 0.0109177 0.0113528 0.0140616 0.0144130 0.0106081 0.0080199 0.0108627 0.0078296 0.0080199 0.0139409 0.0110241 0.0172200 0.0110171 0.0140616 0.0052628 0.0168327 0.0242419 0.0205261 0.0111764 0.0025885 0.0111708 0.0025885 0.0081324 0.0138682 0.0172745 0.0110178 0.0175659 0.0081705 0.0110178 0.0080244 0.0110741 0.0081324 0.0175656 0.0140616 0.0110741 0.0111414 0.0140616 0.0140616 0.0171550 0.0141360 0.0140616 0.0140007 0.0110178 0.0110178 0.0140007 0.0081278 0.0170586 0.0110178 0.0110779 0.0139927 0.0112921 0.0082162 0.0110241 0.0110741 0.0110178 0.0139927 0.0110178 0.0110741 0.0142062 0.0110241 0.0110178 0.0108214 0.0163315 0.0164908 0.0139927 0.0052059 0.0203632 0.0051106 0.0141764 0.0111708 0.0169929 
13654_818_1207_DQ854050_B_NA_NA 0.0382358 0.0473354 0.0560183 0.0258864 0.0445735 0.0397460 0.0262588 0.0331442 0.0295163 0.0293072 0.0344010 0.0304284 0.0311243 0.0445345 0.0345133 0.0231064 0.0335603 0.0232887 0.0000000 0.0226966 0.0299510 0.0398513 0.0445965 0.0391649 0.0357055 0.0346255 0.0261104 0.0226837 0.0166024 0.0165300 0.0343685 0.0232940 0.0340460 0.0315052 0.0200820 0.0357055 0.0245723 0.0278255 0.0363615 0.0359917 0.0350016 0.0383161 0.0320891 0.0209045 0.0359343 0.0233858 0.0274117 0.0239992 0.0266872 0.0206940 0.0347504 0.0313843 0.0387465 0.0313670 0.0277055 0.0240134 0.0276303 0.0475097 0.0317868 0.0318397 0.0274117 0.0393035 0.0274117 0.0278243 0.0273113 0.0314583 0.0313651 0.0397300 0.0277055 0.0387610 0.0345343 0.0242647 0.0278243 0.0397335 0.0277055 0.0242647 0.0244215 0.0277055 0.0277055 0.0388872 0.0278243 0.0277055 0.0350231 0.0243617 0.0313651 0.0350231 0.0278074 0.0387369 0.0313651 0.0314890 0.0278074 0.0321166 0.0280766 0.0313843 0.0314773 0.0313651 0.0350016 0.0313651 0.0314773 0.0355442 0.0313843 0.0313651 0.0239269 0.0291759 0.0226887 0.0426013 0.0305175 0.0426733 0.0299704 0.0429052 0.0393035 0.0238014 
13654_818_1207_DQ854049_B_NA_NA 0.0232409 0.0309728 0.0386585 0.0130813 0.0226215 0.0251452 0.0132606 0.0192350 0.0104615 0.0160228 0.0198709 0.0165808 0.0169738 0.0292262 0.0199582 0.0104971 0.0194460 0.0105619 0.0226966 0.0000000 0.0163838 0.0242474 0.0283005 0.0237858 0.0206481 0.0200471 0.0132156 0.0103077 0.0103608 0.0049994 0.0199325 0.0106654 0.0197249 0.0172196 0.0134155 0.0206481 0.0204343 0.0140081 0.0315238 0.0278646 0.0202411 0.0232673 0.0175598 0.0203318 0.0208352 0.0106139 0.0138095 0.0168327 0.0134721 0.0138095 0.0201436 0.0170882 0.0305534 0.0170780 0.0203318 0.0108749 0.0168423 0.0386474 0.0205382 0.0173314 0.0138095 0.0238516 0.0138095 0.0140087 0.0200471 0.0306541 0.0170783 0.0241769 0.0203318 0.0170783 0.0199697 0.0171589 0.0140087 0.0241776 0.0203318 0.0171589 0.0172654 0.0203318 0.0203318 0.0236210 0.0204302 0.0203318 0.0202529 0.0170783 0.0170783 0.0202529 0.0202411 0.0234995 0.0170783 0.0171650 0.0202411 0.0175030 0.0141487 0.0170882 0.0171589 0.0170783 0.0202411 0.0170783 0.0171589 0.0205556 0.0170882 0.0170783 0.0108274 0.0159370 0.0160898 0.0268724 0.0166488 0.0340538 0.0163405 0.0204946 0.0238516 0.0233593 
13654_818_1207_DQ854048_B_NA_NA 0.0172074 0.0317868 0.0235842 0.0193899 0.0369475 0.0133752 0.0136241 0.0195849 0.0164580 0.0226032 0.0204223 0.0170434 0.0174553 0.0221029 0.0140660 0.0106829 0.0137083 0.0108558 0.0299510 0.0163838 0.0000000 0.0171162 0.0217800 0.0176158 0.0212372 0.0141355 0.0134507 0.0105874 0.0164544 0.0105932 0.0140593 0.0168026 0.0139053 0.0113372 0.0137873 0.0212372 0.0350756 0.0142727 0.0356813 0.0214376 0.0142650 0.0172292 0.0178999 0.0207216 0.0212422 0.0052325 0.0140660 0.0171481 0.0137160 0.0140660 0.0142106 0.0174136 0.0241536 0.0174031 0.0207216 0.0110755 0.0171580 0.0318546 0.0277622 0.0176657 0.0081703 0.0176555 0.0081703 0.0142733 0.0204270 0.0242328 0.0174034 0.0246491 0.0143362 0.0174034 0.0140741 0.0174864 0.0142733 0.0246498 0.0207216 0.0174864 0.0175968 0.0207216 0.0207216 0.0240749 0.0208228 0.0207216 0.0206406 0.0174034 0.0174034 0.0206406 0.0142650 0.0239501 0.0174034 0.0174927 0.0206284 0.0178431 0.0144179 0.0174136 0.0174864 0.0174034 0.0206284 0.0174034 0.0174864 0.0209540 0.0174136 0.0174034 0.0111361 0.0163657 0.0105896 0.0142650 0.0109509 0.0275366 0.0167894 0.0208895 0.0176555 0.0111993 
13654_818_1207_DQ854047_B_NA_NA 0.0204849 0.0400424 0.0234025 0.0276783 0.0313323 0.0275763 0.0142425 0.0204849 0.0243502 0.0277973 0.0276783 0.0276951 0.0177920 0.0204760 0.0207812 0.0178020 0.0207688 0.0176161 0.0398513 0.0242474 0.0171162 0.0000000 0.0216071 0.0247070 0.0210727 0.0208752 0.0208953 0.0242328 0.0243445 0.0176265 0.0282702 0.0242385 0.0082318 0.0253468 0.0276951 0.0210727 0.0309925 0.0145920 0.0315398 0.0316062 0.0141672 0.0242239 0.0183057 0.0142375 0.0145967 0.0175362 0.0143765 0.0175259 0.0143765 0.0143765 0.0278039 0.0111636 0.0239636 0.0177914 0.0142375 0.0113196 0.0241361 0.0315846 0.0239865 0.0113196 0.0143765 0.0175262 0.0143765 0.0082364 0.0208752 0.0240415 0.0111572 0.0177855 0.0142375 0.0172778 0.0207936 0.0112146 0.0082364 0.0177853 0.0142375 0.0112146 0.0112835 0.0142375 0.0142375 0.0173660 0.0143133 0.0142375 0.0141753 0.0111572 0.0111572 0.0141753 0.0141672 0.0172678 0.0111572 0.0112186 0.0141672 0.0114378 0.0112186 0.0111636 0.0112146 0.0111572 0.0141672 0.0111572 0.0112146 0.0143855 0.0111636 0.0111572 0.0242474 0.0312218 0.0242385 0.0204728 0.0111572 0.0245796 0.0176056 0.0141753 0.0175262 0.0275603 
13654_818_1207_DQ854046_B_NA_NA 0.0243004 0.0369445 0.0286239 0.0318884 0.0309113 0.0246583 0.0114669 0.0243004 0.0284115 0.0320146 0.0247573 0.0319082 0.0082622 0.0327768 0.0179251 0.0215799 0.0179143 0.0147772 0.0445965 0.0283005 0.0217800 0.0216071 0.0000000 0.0143790 0.0111899 0.0180118 0.0247876 0.0282831 0.0284047 0.0213549 0.0325735 0.0282899 0.0114032 0.0295826 0.0319082 0.0111899 0.0353048 0.0182018 0.0359119 0.0273125 0.0114032 0.0213341 0.0185227 0.0177409 0.0181942 0.0212501 0.0179251 0.0212372 0.0179251 0.0179251 0.0248778 0.0144961 0.0211069 0.0215667 0.0177409 0.0147059 0.0281791 0.0286145 0.0279829 0.0147059 0.0115725 0.0111860 0.0115725 0.0114098 0.0247632 0.0211761 0.0144876 0.0215433 0.0114628 0.0144876 0.0179359 0.0145604 0.0114098 0.0215435 0.0177409 0.0145604 0.0146525 0.0177409 0.0177409 0.0210320 0.0178326 0.0177409 0.0176668 0.0144876 0.0144876 0.0176668 0.0114032 0.0209170 0.0144876 0.0145657 0.0176563 0.0148587 0.0145657 0.0144961 0.0145604 0.0144876 0.0176563 0.0144876 0.0145604 0.0179361 0.0144961 0.0144876 0.0283005 0.0355908 0.0282899 0.0176563 0.0084176 0.0251168 0.0213290 0.0114098 0.0146977 0.0246621 
13654_818_1207_DQ854045_B_NA_NA 0.0274680 0.0318623 0.0319407 0.0271606 0.0391832 0.0203813 0.0143733 0.0274680 0.0238863 0.0272773 0.0204682 0.0271769 0.0179664 0.0279300 0.0140967 0.0174525 0.0140886 0.0111539 0.0391649 0.0237858 0.0176158 0.0247070 0.0143790 0.0000000 0.0140286 0.0141666 0.0204923 0.0237717 0.0238807 0.0172837 0.0277350 0.0237772 0.0142967 0.0248513 0.0271769 0.0140286 0.0351594 0.0143044 0.0357674 0.0271595 0.0142967 0.0172675 0.0179409 0.0207688 0.0212917 0.0171960 0.0140967 0.0171860 0.0140967 0.0140967 0.0205724 0.0174528 0.0242094 0.0174422 0.0207688 0.0110994 0.0236770 0.0319308 0.0278273 0.0177060 0.0081877 0.0176958 0.0081877 0.0143050 0.0204729 0.0242889 0.0174425 0.0247070 0.0143681 0.0174425 0.0141049 0.0175259 0.0143050 0.0247078 0.0207688 0.0175259 0.0176368 0.0207688 0.0207688 0.0241304 0.0208704 0.0207688 0.0206876 0.0174425 0.0174425 0.0206876 0.0142967 0.0240052 0.0174425 0.0175322 0.0206753 0.0178841 0.0144503 0.0174528 0.0175259 0.0174425 0.0206753 0.0174425 0.0175259 0.0210024 0.0174528 0.0174425 0.0237858 0.0306502 0.0237772 0.0206753 0.0112546 0.0248388 0.0172635 0.0143050 0.0176958 0.0245088 
13654_818_1207_DQ854044_B_NA_NA 0.0237172 0.0285116 0.0279385 0.0239589 0.0207167 0.0240605 0.0053593 0.0172356 0.0277325 0.0174887 0.0112274 0.0174096 0.0083725 0.0320025 0.0112856 0.0210446 0.0174721 0.0082850 0.0357055 0.0206481 0.0212372 0.0210727 0.0111899 0.0140286 0.0000000 0.0175659 0.0241858 0.0206358 0.0207366 0.0142783 0.0318019 0.0276139 0.0111242 0.0288594 0.0239732 0.0052352 0.0271971 0.0177466 0.0316075 0.0266736 0.0111242 0.0208104 0.0216102 0.0173072 0.0177409 0.0207291 0.0174824 0.0207168 0.0174824 0.0174824 0.0242736 0.0141411 0.0205939 0.0210320 0.0173072 0.0143413 0.0275057 0.0279295 0.0273201 0.0143413 0.0112856 0.0143335 0.0112856 0.0111305 0.0241624 0.0206601 0.0141330 0.0210117 0.0111813 0.0141330 0.0174927 0.0142029 0.0111305 0.0210119 0.0173072 0.0142029 0.0142908 0.0173072 0.0173072 0.0205213 0.0173954 0.0173072 0.0172356 0.0141330 0.0141330 0.0172356 0.0111242 0.0204103 0.0141330 0.0142080 0.0172256 0.0144876 0.0142080 0.0141411 0.0142029 0.0141330 0.0172256 0.0141330 0.0142029 0.0174930 0.0141411 0.0141330 0.0206481 0.0273812 0.0276139 0.0172256 0.0082123 0.0178114 0.0142617 0.0111305 0.0143335 0.0240677 
13654_818_1207_DQ854043_B_NA_NA 0.0235049 0.0276468 0.0276953 0.0232538 0.0346066 0.0168269 0.0110741 0.0235049 0.0201365 0.0233596 0.0169009 0.0232673 0.0144130 0.0239182 0.0108651 0.0140032 0.0108590 0.0080616 0.0346255 0.0200471 0.0141355 0.0208752 0.0180118 0.0141666 0.0175659 0.0000000 0.0169202 0.0200356 0.0201319 0.0138760 0.0237373 0.0200401 0.0110140 0.0209345 0.0232673 0.0175659 0.0308002 0.0110195 0.0313438 0.0314092 0.0110140 0.0138634 0.0144062 0.0171429 0.0175699 0.0138048 0.0108651 0.0137970 0.0108651 0.0108651 0.0169898 0.0140038 0.0204037 0.0139952 0.0171429 0.0080217 0.0199512 0.0276863 0.0238233 0.0142006 0.0052610 0.0141929 0.0052610 0.0110203 0.0169046 0.0204689 0.0139958 0.0208152 0.0110703 0.0139958 0.0108712 0.0140648 0.0110203 0.0208154 0.0171429 0.0140648 0.0141511 0.0171429 0.0171429 0.0203318 0.0172300 0.0171429 0.0110203 0.0139958 0.0139958 0.0170723 0.0110140 0.0202221 0.0139958 0.0140697 0.0170624 0.0143445 0.0111323 0.0140038 0.0140648 0.0139958 0.0170624 0.0139958 0.0140648 0.0173255 0.0140038 0.0139958 0.0200471 0.0265682 0.0200401 0.0170624 0.0081296 0.0242788 0.0138603 0.0110203 0.0141929 0.0206575 
13654_818_1207_DQ854042_B_NA_NA 0.0200241 0.0348200 0.0349183 0.0160864 0.0327875 0.0220178 0.0163110 0.0162405 0.0132778 0.0191457 0.0232756 0.0198303 0.0202990 0.0259307 0.0168423 0.0077532 0.0164154 0.0135411 0.0261104 0.0132156 0.0134507 0.0208953 0.0247876 0.0204923 0.0241858 0.0169202 0.0000000 0.0132085 0.0076544 0.0076924 0.0168276 0.0135440 0.0166488 0.0141335 0.0165056 0.0241858 0.0308301 0.0110296 0.0313746 0.0244041 0.0170783 0.0200471 0.0144197 0.0171589 0.0175867 0.0078381 0.0108749 0.0138095 0.0106139 0.0108749 0.0170055 0.0140167 0.0270839 0.0140081 0.0171589 0.0080288 0.0138173 0.0349079 0.0238461 0.0142138 0.0108749 0.0205434 0.0108749 0.0110303 0.0169202 0.0271722 0.0140087 0.0208352 0.0171589 0.0202529 0.0168509 0.0140778 0.0110303 0.0208353 0.0171589 0.0140778 0.0141643 0.0171589 0.0171589 0.0203509 0.0172461 0.0171589 0.0170882 0.0140087 0.0140087 0.0170882 0.0170783 0.0202411 0.0140087 0.0140827 0.0170783 0.0143580 0.0111425 0.0140167 0.0140778 0.0140087 0.0170783 0.0140087 0.0140778 0.0173418 0.0140167 0.0140087 0.0138887 0.0190465 0.0132112 0.0235133 0.0136614 0.0304956 0.0195379 0.0237960 0.0205434 0.0201423 
13654_818_1207_DQ854041_B_NA_NA 0.0168799 0.0309540 0.0386345 0.0130743 0.0291415 0.0189583 0.0132534 0.0192244 0.0161591 0.0160141 0.0198595 0.0107006 0.0169641 0.0292094 0.0199467 0.0104915 0.0194351 0.0105562 0.0226837 0.0103077 0.0105874 0.0242328 0.0282831 0.0237717 0.0206358 0.0200356 0.0132085 0.0000000 0.0103553 0.0049968 0.0137951 0.0164908 0.0197137 0.0111218 0.0077954 0.0206358 0.0270982 0.0140001 0.0315045 0.0210119 0.0202293 0.0232538 0.0175495 0.0203199 0.0208228 0.0051398 0.0138018 0.0168231 0.0134647 0.0138018 0.0201319 0.0170783 0.0305351 0.0170681 0.0203199 0.0108688 0.0168327 0.0386234 0.0272209 0.0173212 0.0138018 0.0238374 0.0138018 0.0140007 0.0200356 0.0306356 0.0170684 0.0241624 0.0203199 0.0234995 0.0199582 0.0171490 0.0140007 0.0241631 0.0203199 0.0171490 0.0172554 0.0203199 0.0203199 0.0236071 0.0204183 0.0203199 0.0202411 0.0170684 0.0170684 0.0202411 0.0202293 0.0234857 0.0170684 0.0171550 0.0202293 0.0174927 0.0141405 0.0170783 0.0171490 0.0170684 0.0202293 0.0170684 0.0171490 0.0205434 0.0170783 0.0170684 0.0052380 0.0102968 0.0104020 0.0202293 0.0166394 0.0340332 0.0163315 0.0271618 0.0173114 0.0169929 
13654_818_1207_DQ854040_B_NA_NA 0.0233330 0.0310766 0.0387610 0.0131397 0.0292566 0.0252365 0.0133205 0.0193145 0.0162378 0.0160917 0.0199537 0.0166541 0.0170497 0.0293241 0.0200426 0.0105463 0.0195269 0.0106117 0.0166024 0.0103608 0.0164544 0.0243445 0.0284047 0.0238807 0.0207366 0.0201319 0.0076544 0.0103553 0.0000000 0.0050236 0.0200164 0.0165713 0.0198077 0.0172969 0.0078364 0.0207366 0.0205214 0.0140740 0.0316289 0.0279672 0.0203272 0.0233596 0.0176393 0.0141360 0.0209245 0.0106641 0.0138729 0.0109214 0.0135336 0.0080643 0.0202288 0.0171650 0.0306563 0.0171547 0.0204183 0.0109275 0.0169164 0.0387498 0.0273376 0.0174099 0.0138729 0.0239470 0.0138729 0.0140746 0.0201319 0.0238692 0.0171550 0.0242736 0.0204183 0.0236071 0.0200542 0.0172361 0.0140746 0.0242743 0.0204183 0.0172361 0.0173433 0.0204183 0.0204183 0.0237151 0.0205171 0.0204183 0.0203390 0.0110779 0.0171550 0.0203390 0.0140666 0.0235932 0.0171550 0.0172422 0.0140666 0.0175826 0.0142156 0.0171650 0.0172361 0.0171550 0.0203272 0.0171550 0.0172361 0.0206435 0.0171650 0.0171550 0.0108786 0.0160054 0.0161591 0.0269718 0.0167224 0.0271188 0.0164119 0.0272780 0.0239470 0.0234515 
13654_818_1207_DQ854039_B_NA_NA 0.0168895 0.0240403 0.0312605 0.0076103 0.0226215 0.0189687 0.0077112 0.0133233 0.0104615 0.0103608 0.0137428 0.0107065 0.0109608 0.0227094 0.0138095 0.0050863 0.0134647 0.0051161 0.0165300 0.0049994 0.0105932 0.0176265 0.0213549 0.0172837 0.0142783 0.0138760 0.0076924 0.0049968 0.0050236 0.0000000 0.0138028 0.0106654 0.0136537 0.0111281 0.0077996 0.0142783 0.0204343 0.0081362 0.0244844 0.0210245 0.0140007 0.0169105 0.0113593 0.0140697 0.0144215 0.0051426 0.0080244 0.0108688 0.0078338 0.0080244 0.0139488 0.0110303 0.0236980 0.0110233 0.0140697 0.0052657 0.0108749 0.0312508 0.0205382 0.0111829 0.0080244 0.0173216 0.0080244 0.0081370 0.0138760 0.0237745 0.0110241 0.0175763 0.0140697 0.0170783 0.0138173 0.0110804 0.0081370 0.0175760 0.0140697 0.0110804 0.0111478 0.0140697 0.0140697 0.0171650 0.0141442 0.0140697 0.0140087 0.0110241 0.0110241 0.0140087 0.0140007 0.0170684 0.0110241 0.0110842 0.0140007 0.0112986 0.0082208 0.0110303 0.0110804 0.0110241 0.0140007 0.0110241 0.0110804 0.0142144 0.0110303 0.0110241 0.0052408 0.0103022 0.0104076 0.0202411 0.0107548 0.0270194 0.0105562 0.0204946 0.0173216 0.0170026 
13654_818_1207_DQ854038_B_NA_NA 0.0204149 0.0431873 0.0433474 0.0231141 0.0418188 0.0230231 0.0234542 0.0233615 0.0200208 0.0232188 0.0306160 0.0202135 0.0274304 0.0306047 0.0236374 0.0139284 0.0230098 0.0199211 0.0343685 0.0199325 0.0140593 0.0282702 0.0325735 0.0277350 0.0318019 0.0237373 0.0168276 0.0137951 0.0200164 0.0138028 0.0000000 0.0199255 0.0233479 0.0079852 0.0168180 0.0318019 0.0388805 0.0174236 0.0395288 0.0248985 0.0239788 0.0271208 0.0212164 0.0240805 0.0246792 0.0079818 0.0171680 0.0203476 0.0167342 0.0171680 0.0238461 0.0206651 0.0348133 0.0206529 0.0240805 0.0140822 0.0203595 0.0433351 0.0313542 0.0209668 0.0171680 0.0278205 0.0171680 0.0174239 0.0237373 0.0349309 0.0206528 0.0281859 0.0240805 0.0274208 0.0236514 0.0207462 0.0174239 0.0281872 0.0240805 0.0207462 0.0208786 0.0240805 0.0240805 0.0275390 0.0241915 0.0240805 0.0239932 0.0206528 0.0206528 0.0239932 0.0239788 0.0274042 0.0206528 0.0207537 0.0239788 0.0211714 0.0175967 0.0206651 0.0207462 0.0206528 0.0239788 0.0206528 0.0207462 0.0243586 0.0206651 0.0206528 0.0141568 0.0199097 0.0137981 0.0239788 0.0201166 0.0384640 0.0263995 0.0312785 0.0278205 0.0205354 
13654_818_1207_DQ854037_B_NA_NA 0.0232326 0.0385190 0.0386440 0.0195312 0.0301563 0.0258006 0.0198121 0.0197293 0.0107185 0.0196226 0.0265838 0.0230011 0.0235388 0.0266056 0.0199512 0.0107564 0.0194394 0.0164908 0.0232940 0.0106654 0.0168026 0.0242385 0.0282899 0.0237772 0.0276139 0.0200401 0.0135440 0.0164908 0.0165713 0.0106654 0.0199255 0.0000000 0.0197180 0.0172135 0.0195422 0.0276139 0.0273113 0.0140032 0.0349997 0.0278543 0.0202339 0.0232590 0.0175535 0.0203245 0.0208276 0.0106104 0.0138048 0.0168269 0.0134676 0.0138048 0.0201365 0.0170821 0.0305423 0.0170719 0.0203245 0.0108712 0.0168364 0.0386329 0.0205308 0.0173252 0.0138048 0.0238429 0.0138048 0.0140038 0.0200401 0.0306428 0.0170723 0.0241681 0.0203245 0.0170723 0.0199627 0.0171529 0.0140038 0.0241687 0.0203245 0.0171529 0.0172593 0.0203245 0.0203245 0.0236125 0.0204229 0.0203245 0.0202457 0.0170723 0.0170723 0.0202457 0.0202339 0.0234911 0.0170723 0.0171589 0.0202339 0.0174967 0.0141437 0.0170821 0.0171529 0.0170723 0.0202339 0.0170723 0.0171529 0.0205481 0.0170821 0.0170723 0.0169202 0.0226600 0.0105607 0.0268627 0.0166431 0.0340413 0.0226600 0.0204873 0.0238429 0.0168427 
13654_818_1207_DQ854036_B_NA_NA 0.0196313 0.0279380 0.0204946 0.0228788 0.0262383 0.0165579 0.0051377 0.0163354 0.0198121 0.0229822 0.0170586 0.0265362 0.0080132 0.0235250 0.0109582 0.0137767 0.0106860 0.0079325 0.0340460 0.0197249 0.0139053 0.0082318 0.0114032 0.0142967 0.0111242 0.0110140 0.0166488 0.0197137 0.0198077 0.0136537 0.0233479 0.0197180 0.0000000 0.0205861 0.0228919 0.0111242 0.0266650 0.0111153 0.0271414 0.0271873 0.0052311 0.0139878 0.0145401 0.0108598 0.0111267 0.0135845 0.0109582 0.0139194 0.0106919 0.0109582 0.0171490 0.0079810 0.0138561 0.0141222 0.0108598 0.0080873 0.0201437 0.0204873 0.0200356 0.0080873 0.0053019 0.0080835 0.0053019 0.0052340 0.0170624 0.0138989 0.0079766 0.0141280 0.0052588 0.0079766 0.0109644 0.0080180 0.0052340 0.0141274 0.0108598 0.0080180 0.0080654 0.0108598 0.0108598 0.0138024 0.0109184 0.0108598 0.0108125 0.0079766 0.0079766 0.0108125 0.0052311 0.0137233 0.0079766 0.0080207 0.0108065 0.0081711 0.0080207 0.0079810 0.0080180 0.0079766 0.0108065 0.0079766 0.0080180 0.0109652 0.0079810 0.0079766 0.0202411 0.0261373 0.0197180 0.0108065 0.0025154 0.0168554 0.0079282 0.0109464 0.0080835 0.0165932 
13654_818_1207_DQ854035_B_NA_NA 0.0176375 0.0401512 0.0402907 0.0203817 0.0388555 0.0202956 0.0206862 0.0205983 0.0173009 0.0204801 0.0277556 0.0174652 0.0245886 0.0277692 0.0208401 0.0112274 0.0202838 0.0172096 0.0315052 0.0172196 0.0113372 0.0253468 0.0295826 0.0248513 0.0288594 0.0209345 0.0141335 0.0111218 0.0172969 0.0111281 0.0079852 0.0172135 0.0205861 0.0000000 0.0141254 0.0288594 0.0358993 0.0146345 0.0365217 0.0219883 0.0211458 0.0242921 0.0183594 0.0212422 0.0217853 0.0053587 0.0144179 0.0175759 0.0140512 0.0144179 0.0210371 0.0178538 0.0318842 0.0178428 0.0212422 0.0113524 0.0175863 0.0402790 0.0284442 0.0181178 0.0144179 0.0249242 0.0144179 0.0146351 0.0209345 0.0319925 0.0178431 0.0252705 0.0212422 0.0245595 0.0208526 0.0179293 0.0146351 0.0252714 0.0212422 0.0179293 0.0180449 0.0212422 0.0212422 0.0246733 0.0213470 0.0212422 0.0211586 0.0178431 0.0178431 0.0211586 0.0211458 0.0245445 0.0178431 0.0179359 0.0211458 0.0183027 0.0147862 0.0178538 0.0179293 0.0178431 0.0211458 0.0178431 0.0179293 0.0214862 0.0178538 0.0178431 0.0114157 0.0171997 0.0111243 0.0211458 0.0173767 0.0355080 0.0236429 0.0283791 0.0249242 0.0177565 
