129
13654_5472_5962_DQ854206_B_NA_NA 0.0000000 0.0020513 0.0020513 0.0083106 0.0041197 0.0041336 0.0020589 0.0062090 0.0041195 0.0083126 0.0041197 0.0041327 0.0084140 0.0062686 0.0083409 0.0170172 0.0083075 0.0126585 0.0104272 0.0083919 0.0083066 0.0083409 0.0170062 0.0105795 0.0062301 0.0104666 0.0083413 0.0104300 0.0062301 0.0083919 0.0173449 0.0173849 0.0106477 0.0128363 0.0195578 0.0196656 0.0149520 0.0129574 0.0171790 0.0151155 0.0127467 0.0127467 0.0084140 0.0149076 0.0149084 0.0127270 0.0127562 0.0084145 0.0084140 0.0171521 0.0127301 0.0105599 0.0062854 0.0127228 0.0193757 0.0149702 0.0171773 0.0195340 0.0240569 0.0217877 0.0128628 0.0196115 0.0195990 0.0193908 0.0171571 0.0217562 0.0128356 0.0264122 0.0150432 0.0127723 0.0150743 0.0127356 0.0169898 0.0151837 0.0150337 0.0128356 0.0106483 0.0128356 0.0241115 0.0151055 0.0105360 0.0083923 0.0083975 0.0104655 0.0149012 0.0083923 0.0084140 0.0105315 0.0105605 0.0128486 0.0150612 0.0127228 0.0105385 0.0126484 0.0062689 0.0104693 0.0083632 0.0062689 0.0062854 0.0104969 0.0105320 0.0149735 0.0062537 0.0084140 0.0171126 0.0125782 0.0062837 0.0084434 0.0126956 0.0127384 0.0127403 0.0083071 0.0083919 0.0173020 0.0127736 0.0195990 0.0127816 0.0218579 0.0127729 0.0172707 0.0194034 0.0149717 0.0149811 0.0171673 0.0195464 0.0127809 0.0149710 0.0216736 0.0172245 
13654_5472_5962_DQ854205_B_NA_NA 0.0020513 0.0000000 0.0000010 0.0062072 0.0020513 0.0020582 0.0000010 0.0041222 0.0020512 0.0062087 0.0020513 0.0041615 0.0062850 0.0041622 0.0062297 0.0148292 0.0062049 0.0105053 0.0083075 0.0062686 0.0062043 0.0062297 0.0148196 0.0084295 0.0041361 0.0083388 0.0062301 0.0083097 0.0041361 0.0062686 0.0151179 0.0151527 0.0084846 0.0106549 0.0173170 0.0174146 0.0127648 0.0107566 0.0149717 0.0129052 0.0105797 0.0105797 0.0062850 0.0127270 0.0127277 0.0105634 0.0105875 0.0062854 0.0062850 0.0149484 0.0105659 0.0084140 0.0041733 0.0105599 0.0171546 0.0127802 0.0149702 0.0172961 0.0217856 0.0195331 0.0106768 0.0173645 0.0173535 0.0171679 0.0149527 0.0195029 0.0106544 0.0241177 0.0128437 0.0106008 0.0128702 0.0105705 0.0148054 0.0129651 0.0128356 0.0106544 0.0084850 0.0106544 0.0218328 0.0128968 0.0083950 0.0062689 0.0062727 0.0083379 0.0127215 0.0062689 0.0062850 0.0083914 0.0084145 0.0106655 0.0128595 0.0105599 0.0083970 0.0104969 0.0041624 0.0083409 0.0062464 0.0041624 0.0041733 0.0083628 0.0083919 0.0127830 0.0041517 0.0062850 0.0149140 0.0104389 0.0041722 0.0063069 0.0105374 0.0105728 0.0105744 0.0062046 0.0062686 0.0150801 0.0106019 0.0173535 0.0106085 0.0195964 0.0106013 0.0150514 0.0171790 0.0127816 0.0127895 0.0149616 0.0173071 0.0106079 0.0127809 0.0194291 0.0150113 
13654_5472_5962_DQ854204_B_NA_NA 0.0020513 0.0000010 0.0000000 0.0062072 0.0020513 0.0020582 0.0000010 0.0041222 0.0020512 0.0062087 0.0020513 0.0041615 0.0062850 0.0041622 0.0062297 0.0148292 0.0062049 0.0105053 0.0083075 0.0062686 0.0062043 0.0062297 0.0148196 0.0084295 0.0041361 0.0083388 0.0062301 0.0083097 0.0041361 0.0062686 0.0151179 0.0151527 0.0084846 0.0106549 0.0173170 0.0174146 0.0127648 0.0107566 0.0149717 0.0129052 0.0105797 0.0105797 0.0062850 0.0127270 0.0127277 0.0105634 0.0105875 0.0062854 0.0062850 0.0149484 0.0105659 0.0084140 0.0041733 0.0105599 0.0171546 0.0127802 0.0149702 0.0172961 0.0217856 0.0195331 0.0106768 0.0173645 0.0173535 0.0171679 0.0149527 0.0195029 0.0106544 0.0241177 0.0128437 0.0106008 0.0128702 0.0105705 0.0148054 0.0129651 0.0128356 0.0106544 0.0084850 0.0106544 0.0218328 0.0128968 0.0083950 0.0062689 0.0062727 0.0083379 0.0127215 0.0062689 0.0062850 0.0083914 0.0084145 0.0106655 0.0128595 0.0105599 0.0083970 0.0104969 0.0041624 0.0083409 0.0062464 0.0041624 0.0041733 0.0083628 0.0083919 0.0127830 0.0041517 0.0062850 0.0149140 0.0104389 0.0041722 0.0063069 0.0105374 0.0105728 0.0105744 0.0062046 0.0062686 0.0150801 0.0106019 0.0173535 0.0106085 0.0195964 0.0106013 0.0150514 0.0171790 0.0127816 0.0127895 0.0149616 0.0173071 0.0106079 0.0127809 0.0194291 0.0150113 
13654_5472_5962_DQ854202_B_NA_NA 0.0083106 0.0062072 0.0062072 0.0000000 0.0083106 0.0083389 0.0062303 0.0104375 0.0083102 0.0125758 0.0083106 0.0105337 0.0127270 0.0105354 0.0126191 0.0214540 0.0125681 0.0170229 0.0147228 0.0126932 0.0125668 0.0126191 0.0214401 0.0149355 0.0104732 0.0147790 0.0126198 0.0147269 0.0104732 0.0126932 0.0218566 0.0219073 0.0150293 0.0172552 0.0240982 0.0242254 0.0193841 0.0174142 0.0216522 0.0195934 0.0171375 0.0171375 0.0127270 0.0193263 0.0193273 0.0171109 0.0171504 0.0127277 0.0127270 0.0216181 0.0171151 0.0149076 0.0105639 0.0171052 0.0238784 0.0194080 0.0216501 0.0240687 0.0286614 0.0263568 0.0172910 0.0241647 0.0241492 0.0238970 0.0216244 0.0263234 0.0172543 0.0310612 0.0194991 0.0171722 0.0195397 0.0171225 0.0214191 0.0196770 0.0194868 0.0172543 0.0150300 0.0172543 0.0287318 0.0195804 0.0148736 0.0126939 0.0127017 0.0147773 0.0193179 0.0126939 0.0127270 0.0148671 0.0149084 0.0172707 0.0195213 0.0171052 0.0148772 0.0170091 0.0105360 0.0147828 0.0126532 0.0105360 0.0105639 0.0148222 0.0148679 0.0194123 0.0105134 0.0127270 0.0215680 0.0169150 0.0105611 0.0127719 0.0170684 0.0171263 0.0171290 0.0125674 0.0126932 0.0218037 0.0171739 0.0241492 0.0171848 0.0264405 0.0171731 0.0217685 0.0239125 0.0194099 0.0194222 0.0216374 0.0240841 0.0171839 0.0194089 0.0262242 0.0217099 
13654_5472_5962_DQ854201_B_NA_NA 0.0041197 0.0020513 0.0020513 0.0083106 0.0000000 0.0041336 0.0020589 0.0062090 0.0041195 0.0083126 0.0041197 0.0062676 0.0084140 0.0062686 0.0083409 0.0170172 0.0083075 0.0126585 0.0104272 0.0083919 0.0083066 0.0083409 0.0170062 0.0105795 0.0062301 0.0104666 0.0083413 0.0104300 0.0062301 0.0083919 0.0173449 0.0173849 0.0106477 0.0128363 0.0195578 0.0196656 0.0149520 0.0129574 0.0171790 0.0151155 0.0127467 0.0127467 0.0084140 0.0149076 0.0149084 0.0127270 0.0127562 0.0084145 0.0084140 0.0171521 0.0127301 0.0105599 0.0062854 0.0127228 0.0193757 0.0149702 0.0171773 0.0195340 0.0240569 0.0217877 0.0128628 0.0196115 0.0195990 0.0193908 0.0171571 0.0217562 0.0128356 0.0264122 0.0150432 0.0127723 0.0150743 0.0127356 0.0169898 0.0151837 0.0150337 0.0128356 0.0106483 0.0128356 0.0241115 0.0151055 0.0105360 0.0083923 0.0083975 0.0104655 0.0149012 0.0083923 0.0084140 0.0105315 0.0105605 0.0128486 0.0150612 0.0127228 0.0105385 0.0126484 0.0062689 0.0104693 0.0083632 0.0062689 0.0062854 0.0104969 0.0105320 0.0149735 0.0062537 0.0084140 0.0171126 0.0125782 0.0062837 0.0084434 0.0126956 0.0127384 0.0127403 0.0083071 0.0083919 0.0173020 0.0127736 0.0195990 0.0127816 0.0218579 0.0127729 0.0172707 0.0194034 0.0149717 0.0149811 0.0171673 0.0195464 0.0127809 0.0149710 0.0216736 0.0172245 
13654_5472_5962_DQ854199_B_NA_NA 0.0041336 0.0020582 0.0020582 0.0083389 0.0041336 0.0000000 0.0020658 0.0062301 0.0041334 0.0083409 0.0041336 0.0062890 0.0084430 0.0062900 0.0083694 0.0170767 0.0083358 0.0127024 0.0104629 0.0084207 0.0083349 0.0083694 0.0170656 0.0106162 0.0062513 0.0105026 0.0083698 0.0104657 0.0062513 0.0084207 0.0174064 0.0174467 0.0106848 0.0128813 0.0196273 0.0197358 0.0150043 0.0130032 0.0172395 0.0151689 0.0127911 0.0127911 0.0084430 0.0149597 0.0149605 0.0127713 0.0128006 0.0084434 0.0084430 0.0172124 0.0127744 0.0105965 0.0063069 0.0127671 0.0194440 0.0150227 0.0172377 0.0196034 0.0241428 0.0218653 0.0129079 0.0196814 0.0196688 0.0194592 0.0172174 0.0218336 0.0128806 0.0265058 0.0150961 0.0128168 0.0151274 0.0127799 0.0170490 0.0152376 0.0150866 0.0128806 0.0106854 0.0128806 0.0241978 0.0151589 0.0105724 0.0084211 0.0084263 0.0105014 0.0149532 0.0084211 0.0084430 0.0105678 0.0105970 0.0128937 0.0151142 0.0127671 0.0105749 0.0126922 0.0062903 0.0105053 0.0083919 0.0062903 0.0063069 0.0105331 0.0105684 0.0150260 0.0062751 0.0084430 0.0171726 0.0126215 0.0063052 0.0084726 0.0127397 0.0127827 0.0127847 0.0083353 0.0084207 0.0173632 0.0128182 0.0196688 0.0128262 0.0219359 0.0128175 0.0173318 0.0194719 0.0150242 0.0150337 0.0172277 0.0196159 0.0128255 0.0150235 0.0217504 0.0172853 
13654_5472_5962_DQ854197_B_NA_NA 0.0020589 0.0000010 0.0000010 0.0062303 0.0020589 0.0020658 0.0000000 0.0041375 0.0020587 0.0062317 0.0020589 0.0041771 0.0041889 0.0020805 0.0041514 0.0127070 0.0062279 0.0105448 0.0083384 0.0041779 0.0041345 0.0041514 0.0126988 0.0084614 0.0041514 0.0083699 0.0062533 0.0062299 0.0041514 0.0062921 0.0129225 0.0129522 0.0063454 0.0084999 0.0151105 0.0151976 0.0106065 0.0085822 0.0127960 0.0107241 0.0084391 0.0084391 0.0041777 0.0105752 0.0105758 0.0084262 0.0084453 0.0041779 0.0041777 0.0127760 0.0084282 0.0062921 0.0020805 0.0084234 0.0149673 0.0084616 0.0127947 0.0150923 0.0195536 0.0173151 0.0085173 0.0151519 0.0151423 0.0149790 0.0127798 0.0172867 0.0084995 0.0218676 0.0106731 0.0084559 0.0106951 0.0084318 0.0126523 0.0106964 0.0106664 0.0084995 0.0063458 0.0084995 0.0195940 0.0107171 0.0062944 0.0041779 0.0041805 0.0062344 0.0105707 0.0041779 0.0041777 0.0062917 0.0062924 0.0085086 0.0106866 0.0084234 0.0062959 0.0083721 0.0020805 0.0062529 0.0041514 0.0020805 0.0020805 0.0062529 0.0062921 0.0106216 0.0020694 0.0041777 0.0127815 0.0083482 0.0020855 0.0041922 0.0084282 0.0084565 0.0084577 0.0041347 0.0041777 0.0128898 0.0084568 0.0151423 0.0084621 0.0173718 0.0084564 0.0128639 0.0149887 0.0106205 0.0106271 0.0127873 0.0151018 0.0084616 0.0106199 0.0172212 0.0128297 
13654_5472_5962_DQ854196_B_NA_NA 0.0062090 0.0041222 0.0041222 0.0104375 0.0062090 0.0062301 0.0041375 0.0000000 0.0062087 0.0104400 0.0062090 0.0083957 0.0105665 0.0083970 0.0104757 0.0192347 0.0104336 0.0148384 0.0125717 0.0105385 0.0104325 0.0104757 0.0192232 0.0127544 0.0083464 0.0126196 0.0104763 0.0125752 0.0083464 0.0105385 0.0196011 0.0196464 0.0128356 0.0150439 0.0218293 0.0219471 0.0171671 0.0151842 0.0194156 0.0173537 0.0149401 0.0149401 0.0105665 0.0171160 0.0171168 0.0149170 0.0149512 0.0105670 0.0105665 0.0193851 0.0149206 0.0127308 0.0084196 0.0149120 0.0216276 0.0171881 0.0194137 0.0218027 0.0263620 0.0240746 0.0150751 0.0218894 0.0218755 0.0216444 0.0193908 0.0240420 0.0150432 0.0287412 0.0172703 0.0149702 0.0173062 0.0149270 0.0192045 0.0174299 0.0172594 0.0150432 0.0128363 0.0150432 0.0264244 0.0173422 0.0127017 0.0105391 0.0105456 0.0126181 0.0171085 0.0105391 0.0105665 0.0126963 0.0127314 0.0150579 0.0172905 0.0149120 0.0127048 0.0148265 0.0083975 0.0126228 0.0105040 0.0083975 0.0084196 0.0126563 0.0126969 0.0171919 0.0083783 0.0105665 0.0193403 0.0147438 0.0084174 0.0106036 0.0148800 0.0149303 0.0149326 0.0104330 0.0105385 0.0195531 0.0149717 0.0218755 0.0149811 0.0241516 0.0149710 0.0195196 0.0216585 0.0171898 0.0172006 0.0194024 0.0218166 0.0149804 0.0171889 0.0239504 0.0194672 
13654_5472_5962_DQ854194_B_NA_NA 0.0041195 0.0020512 0.0020512 0.0083102 0.0041195 0.0041334 0.0020587 0.0062087 0.0000000 0.0083121 0.0041195 0.0062672 0.0084136 0.0062682 0.0083405 0.0170164 0.0083071 0.0126579 0.0104266 0.0083914 0.0083062 0.0083405 0.0170054 0.0105789 0.0062297 0.0104661 0.0083409 0.0104295 0.0062297 0.0083914 0.0173440 0.0173840 0.0106472 0.0128356 0.0195568 0.0196646 0.0149512 0.0129567 0.0171781 0.0151147 0.0127460 0.0127460 0.0084136 0.0149069 0.0149076 0.0127264 0.0127555 0.0084140 0.0084136 0.0171512 0.0127295 0.0105594 0.0062850 0.0127222 0.0149447 0.0149694 0.0171764 0.0195331 0.0240558 0.0217867 0.0128621 0.0196105 0.0195981 0.0193898 0.0171563 0.0217551 0.0128350 0.0264110 0.0150424 0.0127716 0.0150735 0.0127349 0.0169889 0.0151829 0.0150329 0.0128350 0.0106477 0.0128350 0.0241103 0.0151048 0.0105354 0.0083919 0.0083970 0.0104649 0.0149004 0.0083919 0.0084136 0.0105309 0.0105599 0.0128479 0.0150604 0.0127222 0.0105380 0.0126478 0.0062686 0.0104688 0.0083628 0.0062686 0.0062850 0.0104964 0.0105315 0.0149727 0.0062534 0.0084136 0.0171117 0.0125776 0.0062834 0.0084430 0.0083930 0.0127377 0.0127397 0.0083066 0.0083914 0.0173011 0.0127729 0.0195981 0.0127809 0.0218568 0.0127723 0.0172698 0.0194024 0.0149710 0.0149804 0.0171665 0.0195455 0.0127802 0.0149702 0.0216725 0.0172236 
13654_5472_5962_DQ854193_B_NA_NA 0.0083126 0.0062087 0.0062087 0.0125758 0.0083126 0.0083409 0.0062317 0.0104400 0.0083121 0.0000000 0.0083126 0.0105363 0.0127301 0.0105380 0.0126221 0.0214592 0.0125711 0.0170270 0.0147263 0.0126963 0.0083086 0.0126221 0.0214453 0.0149391 0.0104757 0.0147826 0.0126228 0.0147304 0.0104757 0.0126963 0.0218620 0.0219127 0.0150329 0.0172594 0.0241041 0.0242314 0.0193889 0.0174185 0.0216575 0.0195982 0.0171417 0.0171417 0.0127301 0.0193310 0.0193320 0.0171151 0.0171546 0.0127308 0.0127301 0.0216233 0.0171193 0.0149113 0.0105665 0.0171094 0.0238843 0.0194127 0.0216554 0.0240746 0.0286684 0.0263633 0.0172953 0.0241707 0.0241552 0.0239028 0.0216297 0.0263299 0.0172586 0.0287214 0.0195039 0.0171764 0.0195445 0.0171267 0.0214243 0.0196819 0.0194916 0.0172586 0.0150337 0.0172586 0.0287389 0.0195853 0.0148772 0.0126969 0.0127048 0.0147809 0.0193226 0.0126969 0.0127301 0.0148707 0.0149120 0.0172749 0.0195261 0.0171094 0.0148808 0.0170133 0.0105385 0.0147864 0.0126563 0.0105385 0.0105665 0.0148257 0.0148715 0.0194170 0.0105159 0.0127301 0.0215733 0.0169190 0.0105636 0.0127750 0.0170726 0.0171304 0.0171332 0.0125705 0.0126963 0.0218091 0.0171781 0.0241552 0.0171889 0.0264470 0.0171773 0.0217738 0.0239184 0.0194146 0.0194269 0.0216427 0.0240900 0.0171881 0.0194137 0.0262306 0.0217152 
13654_5472_5962_DQ854192_B_NA_NA 0.0041197 0.0020513 0.0020513 0.0083106 0.0041197 0.0041336 0.0020589 0.0062090 0.0041195 0.0083126 0.0000000 0.0062676 0.0063176 0.0062686 0.0083409 0.0170172 0.0083075 0.0126585 0.0104272 0.0083919 0.0083066 0.0083409 0.0170062 0.0105795 0.0062301 0.0104666 0.0083413 0.0104300 0.0062301 0.0083919 0.0173449 0.0173849 0.0106477 0.0128363 0.0195578 0.0196656 0.0149520 0.0129574 0.0171790 0.0151155 0.0127467 0.0127467 0.0084140 0.0149076 0.0149084 0.0127270 0.0127562 0.0084145 0.0084140 0.0171521 0.0127301 0.0105599 0.0062854 0.0127228 0.0193757 0.0149702 0.0171773 0.0195340 0.0240569 0.0217877 0.0128628 0.0196115 0.0195990 0.0193908 0.0171571 0.0217562 0.0128356 0.0264122 0.0150432 0.0127723 0.0150743 0.0127356 0.0169898 0.0151837 0.0150337 0.0128356 0.0106483 0.0128356 0.0241115 0.0151055 0.0105360 0.0083923 0.0083975 0.0104655 0.0149012 0.0083923 0.0084140 0.0105315 0.0105605 0.0128486 0.0150612 0.0127228 0.0105385 0.0126484 0.0062689 0.0104693 0.0083632 0.0062689 0.0062854 0.0104969 0.0105320 0.0149735 0.0062537 0.0084140 0.0171126 0.0125782 0.0062837 0.0084434 0.0126956 0.0127384 0.0127403 0.0083071 0.0083919 0.0173020 0.0127736 0.0195990 0.0127816 0.0218579 0.0127729 0.0172707 0.0194034 0.0149717 0.0149811 0.0171673 0.0195464 0.0127809 0.0149710 0.0216736 0.0172245 
13654_5472_5962_DQ854191_B_NA_NA 0.0041327 0.0041615 0.0041615 0.0105337 0.0062676 0.0062890 0.0041771 0.0083957 0.0062672 0.0105363 0.0062676 0.0000000 0.0106649 0.0084760 0.0105727 0.0194051 0.0105298 0.0149730 0.0126863 0.0106365 0.0105287 0.0105727 0.0193924 0.0128720 0.0084245 0.0127349 0.0105732 0.0126898 0.0084245 0.0106365 0.0197768 0.0198229 0.0129546 0.0151817 0.0220224 0.0221418 0.0173217 0.0153242 0.0195886 0.0175113 0.0150762 0.0150762 0.0106649 0.0172698 0.0172707 0.0150527 0.0150875 0.0106655 0.0106649 0.0195576 0.0150563 0.0128479 0.0084990 0.0150476 0.0218177 0.0173431 0.0195867 0.0219954 0.0265891 0.0242847 0.0152133 0.0220835 0.0220693 0.0218348 0.0195634 0.0242518 0.0151809 0.0289848 0.0174266 0.0151068 0.0174630 0.0150629 0.0193733 0.0175886 0.0174155 0.0151809 0.0129552 0.0151809 0.0266527 0.0174996 0.0128184 0.0106370 0.0106436 0.0127335 0.0172623 0.0106370 0.0106649 0.0128129 0.0128486 0.0151958 0.0174471 0.0150476 0.0128215 0.0149608 0.0084764 0.0127382 0.0106013 0.0084764 0.0084990 0.0127723 0.0128135 0.0173469 0.0084569 0.0106649 0.0195121 0.0148768 0.0084967 0.0107027 0.0150151 0.0150662 0.0150686 0.0105292 0.0106365 0.0197281 0.0151084 0.0220693 0.0151179 0.0243628 0.0151076 0.0196943 0.0218491 0.0173449 0.0173559 0.0195752 0.0220095 0.0151171 0.0173440 0.0241588 0.0196411 
13654_5472_5962_DQ854188_B_NA_NA 0.0084140 0.0062850 0.0062850 0.0127270 0.0084140 0.0084430 0.0041889 0.0105665 0.0084136 0.0127301 0.0063176 0.0106649 0.0000000 0.0020560 0.0084450 0.0172240 0.0127222 0.0172298 0.0149020 0.0041293 0.0084100 0.0084450 0.0172127 0.0151193 0.0106031 0.0149595 0.0127750 0.0105589 0.0106031 0.0128501 0.0172236 0.0172631 0.0105699 0.0127440 0.0194234 0.0195302 0.0148466 0.0128636 0.0170597 0.0150081 0.0126555 0.0126555 0.0083520 0.0148028 0.0148035 0.0126361 0.0126648 0.0083524 0.0083520 0.0170331 0.0126391 0.0104833 0.0062383 0.0126320 0.0192434 0.0105267 0.0170580 0.0194000 0.0238983 0.0216407 0.0127701 0.0194765 0.0194642 0.0192583 0.0170381 0.0216094 0.0127433 0.0262399 0.0149367 0.0126807 0.0149674 0.0126445 0.0216736 0.0150755 0.0149273 0.0127433 0.0105705 0.0127433 0.0239510 0.0149983 0.0104597 0.0083306 0.0083357 0.0149577 0.0147964 0.0083306 0.0083520 0.0104552 0.0104839 0.0127562 0.0149545 0.0126320 0.0104622 0.0172157 0.0062221 0.0149633 0.0128093 0.0062221 0.0062383 0.0150036 0.0104558 0.0196479 0.0106442 0.0083520 0.0126373 0.0127325 0.0020609 0.0083810 0.0083317 0.0083593 0.0083606 0.0084104 0.0083301 0.0171812 0.0126820 0.0194642 0.0126899 0.0217101 0.0126814 0.0171503 0.0192707 0.0148661 0.0148753 0.0170482 0.0194123 0.0126893 0.0148653 0.0215288 0.0171046 
13654_5472_5962_DQ854187_B_NA_NA 0.0062686 0.0041622 0.0041622 0.0105354 0.0062686 0.0062900 0.0020805 0.0083970 0.0062682 0.0105380 0.0062686 0.0084760 0.0020560 0.0000000 0.0062915 0.0149705 0.0105315 0.0149755 0.0126884 0.0020508 0.0062656 0.0062915 0.0149608 0.0128742 0.0084259 0.0127371 0.0105749 0.0083910 0.0084259 0.0106382 0.0149702 0.0150043 0.0083994 0.0105490 0.0171499 0.0172459 0.0126398 0.0106489 0.0148265 0.0127778 0.0104751 0.0104751 0.0062218 0.0126027 0.0126033 0.0104591 0.0104828 0.0062221 0.0062218 0.0148035 0.0104616 0.0083301 0.0041308 0.0104558 0.0169901 0.0083644 0.0148250 0.0171293 0.0215801 0.0193468 0.0105705 0.0171965 0.0171857 0.0170032 0.0148078 0.0193170 0.0105485 0.0238937 0.0127173 0.0104959 0.0127433 0.0104661 0.0193767 0.0128367 0.0127094 0.0105485 0.0083999 0.0105485 0.0216263 0.0127694 0.0083115 0.0062059 0.0062097 0.0127356 0.0125973 0.0062059 0.0062218 0.0083080 0.0083306 0.0105594 0.0127329 0.0104558 0.0083135 0.0149633 0.0041201 0.0127403 0.0106031 0.0041201 0.0041308 0.0127744 0.0083084 0.0173499 0.0084583 0.0062218 0.0104601 0.0105400 0.0000010 0.0062432 0.0062067 0.0062272 0.0062281 0.0062659 0.0062056 0.0149330 0.0104969 0.0171857 0.0105034 0.0194091 0.0104964 0.0149047 0.0170141 0.0126563 0.0126641 0.0148165 0.0171401 0.0105029 0.0126556 0.0192444 0.0148653 
13654_5472_5962_DQ854186_B_NA_NA 0.0083409 0.0062297 0.0062297 0.0126191 0.0083409 0.0083694 0.0041514 0.0104757 0.0083405 0.0126221 0.0083409 0.0105727 0.0084450 0.0062915 0.0000000 0.0083340 0.0126143 0.0083367 0.0147772 0.0084227 0.0083369 0.0000010 0.0083288 0.0062719 0.0020515 0.0148339 0.0041201 0.0104682 0.0020515 0.0127403 0.0219401 0.0219911 0.0150858 0.0173204 0.0241903 0.0243183 0.0194573 0.0174805 0.0217342 0.0196680 0.0172019 0.0172019 0.0127744 0.0193991 0.0194000 0.0171751 0.0172148 0.0127750 0.0127744 0.0216999 0.0171793 0.0149633 0.0106031 0.0171694 0.0239680 0.0150264 0.0217321 0.0241606 0.0287701 0.0264576 0.0173565 0.0242573 0.0242417 0.0239867 0.0217063 0.0264242 0.0173195 0.0311804 0.0195731 0.0172369 0.0196139 0.0171868 0.0214994 0.0197522 0.0195606 0.0173195 0.0150866 0.0173195 0.0288413 0.0196550 0.0149290 0.0127410 0.0127489 0.0148321 0.0193906 0.0127410 0.0127744 0.0149225 0.0149641 0.0173360 0.0195954 0.0171694 0.0149326 0.0083301 0.0105749 0.0062056 0.0041308 0.0105749 0.0106031 0.0062218 0.0149233 0.0105677 0.0105522 0.0127744 0.0171768 0.0126245 0.0063067 0.0128196 0.0127428 0.0127858 0.0127878 0.0083373 0.0127403 0.0218868 0.0172386 0.0242417 0.0172495 0.0265419 0.0172377 0.0218514 0.0240024 0.0194832 0.0194956 0.0217194 0.0241761 0.0172486 0.0194823 0.0263230 0.0217924 
13654_5472_5962_DQ854185_B_NA_NA 0.0170172 0.0148292 0.0148292 0.0214540 0.0170172 0.0170767 0.0127070 0.0192347 0.0170164 0.0214592 0.0170172 0.0194051 0.0172240 0.0149705 0.0083340 0.0000000 0.0214457 0.0170086 0.0236862 0.0171776 0.0170090 0.0083340 0.0169920 0.0149229 0.0104646 0.0237784 0.0126093 0.0192218 0.0104646 0.0216505 0.0313022 0.0286565 0.0241641 0.0264810 0.0336191 0.0337810 0.0286552 0.0267147 0.0310222 0.0289566 0.0263090 0.0263090 0.0217093 0.0285687 0.0285701 0.0240764 0.0263281 0.0217104 0.0217093 0.0309728 0.0262742 0.0239749 0.0194619 0.0262587 0.0333201 0.0240773 0.0310194 0.0335771 0.0383392 0.0359505 0.0265367 0.0337117 0.0336896 0.0333460 0.0309818 0.0359175 0.0264798 0.0408469 0.0288155 0.0263623 0.0288762 0.0262858 0.0306975 0.0290672 0.0287969 0.0264798 0.0241653 0.0264798 0.0384477 0.0289371 0.0239201 0.0171734 0.0216653 0.0237754 0.0285562 0.0216516 0.0217093 0.0239097 0.0239760 0.0265017 0.0288450 0.0262587 0.0239250 0.0169949 0.0194094 0.0147705 0.0126427 0.0194094 0.0194619 0.0148098 0.0239108 0.0193958 0.0193778 0.0217093 0.0170982 0.0214634 0.0150074 0.0217875 0.0216548 0.0217290 0.0171196 0.0126453 0.0216505 0.0312294 0.0263648 0.0336896 0.0263817 0.0360619 0.0263635 0.0311910 0.0333680 0.0286938 0.0287122 0.0310008 0.0335989 0.0263805 0.0286924 0.0357792 0.0311060 
13654_5472_5962_DQ854184_B_NA_NA 0.0083075 0.0062049 0.0062049 0.0125681 0.0083075 0.0083358 0.0062279 0.0104336 0.0083071 0.0125711 0.0083075 0.0105298 0.0127222 0.0105315 0.0126143 0.0214457 0.0000000 0.0170164 0.0061989 0.0126884 0.0083035 0.0126143 0.0214318 0.0149298 0.0104693 0.0104627 0.0126150 0.0104261 0.0104693 0.0083887 0.0218481 0.0218987 0.0150235 0.0172486 0.0240887 0.0242159 0.0193767 0.0174074 0.0216437 0.0195858 0.0171309 0.0171309 0.0127222 0.0193189 0.0193198 0.0171044 0.0171438 0.0127228 0.0127222 0.0216097 0.0171085 0.0149020 0.0105599 0.0127143 0.0238691 0.0194005 0.0216416 0.0240593 0.0286500 0.0263464 0.0172843 0.0241552 0.0241397 0.0238877 0.0216160 0.0263141 0.0172477 0.0310488 0.0194916 0.0171656 0.0195321 0.0171160 0.0214108 0.0196694 0.0194792 0.0172477 0.0150243 0.0172477 0.0265069 0.0195728 0.0148679 0.0126891 0.0126969 0.0147717 0.0193105 0.0126891 0.0127222 0.0148615 0.0149027 0.0172640 0.0195137 0.0170987 0.0148715 0.0170026 0.0105320 0.0147772 0.0126484 0.0105320 0.0105599 0.0148165 0.0148622 0.0194048 0.0105094 0.0127222 0.0171010 0.0125735 0.0105571 0.0127671 0.0170619 0.0171197 0.0171224 0.0083040 0.0126884 0.0217952 0.0171673 0.0241397 0.0171781 0.0264300 0.0171665 0.0217600 0.0239032 0.0194024 0.0194146 0.0216290 0.0240746 0.0171773 0.0194014 0.0262139 0.0217014 
13654_5472_5962_DQ854183_B_NA_NA 0.0126585 0.0105053 0.0105053 0.0170229 0.0126585 0.0127024 0.0105448 0.0148384 0.0126579 0.0170270 0.0126585 0.0149730 0.0172298 0.0149755 0.0083367 0.0170086 0.0170164 0.0000000 0.0192227 0.0171834 0.0170147 0.0083367 0.0169976 0.0105741 0.0062269 0.0192962 0.0083371 0.0192282 0.0062269 0.0171834 0.0266265 0.0266889 0.0196176 0.0218975 0.0289134 0.0290601 0.0240556 0.0220955 0.0263817 0.0243134 0.0217508 0.0217508 0.0172298 0.0239831 0.0239842 0.0217167 0.0217674 0.0172306 0.0172298 0.0263397 0.0217221 0.0194610 0.0150165 0.0217093 0.0286525 0.0240857 0.0263792 0.0288776 0.0335727 0.0312168 0.0219434 0.0289940 0.0289751 0.0286749 0.0263474 0.0311839 0.0218964 0.0360357 0.0241951 0.0217955 0.0242460 0.0217316 0.0261011 0.0244118 0.0241796 0.0218964 0.0196186 0.0218964 0.0336621 0.0242971 0.0194159 0.0171842 0.0171951 0.0192939 0.0239726 0.0171842 0.0172298 0.0194074 0.0194619 0.0219158 0.0242213 0.0217093 0.0194207 0.0126420 0.0149762 0.0104640 0.0083590 0.0149762 0.0150165 0.0104916 0.0194084 0.0149658 0.0149480 0.0172298 0.0262793 0.0214706 0.0150124 0.0172915 0.0216622 0.0217364 0.0217400 0.0170155 0.0171834 0.0265632 0.0217976 0.0289751 0.0218115 0.0313151 0.0217965 0.0265250 0.0286938 0.0240880 0.0241034 0.0263635 0.0288963 0.0218104 0.0240868 0.0310640 0.0264528 
13654_5472_5962_DQ854182_B_NA_NA 0.0104272 0.0083075 0.0083075 0.0147228 0.0104272 0.0104629 0.0083384 0.0125717 0.0104266 0.0147263 0.0104272 0.0126863 0.0149020 0.0126884 0.0147772 0.0236862 0.0061989 0.0192227 0.0000000 0.0148622 0.0104222 0.0147772 0.0236708 0.0171307 0.0126150 0.0126070 0.0147780 0.0125627 0.0126150 0.0105280 0.0241253 0.0241813 0.0172368 0.0194802 0.0263800 0.0265162 0.0216150 0.0196575 0.0239032 0.0218467 0.0193489 0.0193489 0.0149020 0.0215514 0.0215524 0.0193189 0.0193635 0.0149027 0.0149020 0.0238656 0.0193236 0.0170987 0.0127228 0.0148927 0.0261417 0.0216416 0.0239009 0.0263476 0.0309722 0.0286527 0.0195207 0.0264529 0.0264359 0.0261620 0.0238726 0.0240102 0.0194792 0.0333931 0.0217414 0.0193882 0.0217867 0.0193320 0.0236475 0.0219373 0.0217276 0.0194792 0.0172377 0.0194792 0.0288264 0.0218322 0.0170595 0.0148630 0.0148722 0.0169510 0.0215420 0.0148630 0.0149020 0.0170521 0.0170995 0.0194970 0.0217654 0.0193124 0.0170636 0.0192072 0.0126891 0.0169573 0.0148173 0.0126891 0.0127228 0.0170026 0.0170530 0.0216464 0.0126635 0.0149020 0.0193150 0.0147291 0.0127194 0.0149547 0.0192708 0.0193362 0.0193394 0.0104227 0.0148622 0.0240675 0.0193902 0.0264359 0.0194024 0.0287418 0.0193892 0.0240309 0.0261790 0.0216437 0.0216575 0.0238869 0.0263645 0.0194014 0.0216427 0.0285100 0.0239661 
13654_5472_5962_DQ854181_B_NA_NA 0.0083919 0.0062686 0.0062686 0.0126932 0.0083919 0.0084207 0.0041779 0.0105385 0.0083914 0.0126963 0.0083919 0.0106365 0.0041293 0.0020508 0.0084227 0.0171776 0.0126884 0.0171834 0.0148622 0.0000000 0.0083878 0.0084227 0.0171664 0.0150785 0.0105749 0.0149194 0.0127410 0.0105309 0.0105749 0.0128157 0.0171773 0.0172166 0.0105420 0.0127101 0.0193710 0.0194773 0.0148071 0.0128291 0.0170141 0.0149678 0.0126220 0.0126220 0.0083301 0.0147635 0.0147643 0.0126027 0.0126313 0.0083306 0.0083301 0.0169877 0.0126057 0.0104558 0.0062221 0.0125986 0.0191930 0.0104989 0.0170124 0.0193477 0.0238338 0.0215822 0.0127361 0.0194239 0.0194116 0.0192078 0.0169926 0.0215521 0.0127094 0.0261688 0.0148968 0.0126471 0.0149273 0.0126111 0.0216150 0.0150349 0.0148875 0.0127094 0.0105425 0.0127094 0.0238871 0.0149580 0.0104322 0.0083088 0.0083139 0.0149177 0.0147572 0.0083088 0.0083301 0.0104278 0.0104563 0.0127222 0.0149145 0.0125986 0.0104347 0.0171694 0.0062059 0.0149233 0.0127750 0.0062059 0.0062221 0.0149633 0.0104283 0.0195944 0.0106158 0.0083301 0.0126039 0.0126987 0.0020556 0.0083590 0.0083099 0.0083374 0.0083387 0.0083883 0.0083084 0.0171351 0.0126484 0.0194116 0.0126563 0.0216513 0.0126478 0.0171042 0.0192201 0.0148265 0.0148357 0.0170026 0.0193599 0.0126556 0.0148257 0.0214710 0.0170588 
13654_5472_5962_DQ854180_B_NA_NA 0.0083066 0.0062043 0.0062043 0.0125668 0.0083066 0.0083349 0.0041345 0.0104325 0.0083062 0.0083086 0.0083066 0.0105287 0.0084100 0.0062656 0.0083369 0.0170090 0.0083035 0.0170147 0.0104222 0.0083878 0.0000000 0.0083369 0.0169980 0.0149283 0.0104682 0.0104616 0.0126137 0.0062017 0.0104682 0.0083878 0.0218459 0.0218966 0.0150220 0.0172468 0.0240864 0.0242135 0.0193747 0.0174057 0.0216416 0.0195838 0.0171292 0.0171292 0.0127209 0.0193170 0.0193179 0.0171027 0.0171421 0.0127215 0.0127209 0.0216076 0.0171068 0.0149004 0.0105589 0.0170970 0.0238669 0.0149630 0.0216395 0.0240569 0.0286474 0.0263439 0.0172826 0.0241529 0.0241374 0.0238854 0.0216139 0.0263116 0.0172459 0.0310460 0.0194896 0.0171639 0.0195302 0.0171142 0.0214088 0.0196674 0.0194773 0.0172459 0.0150227 0.0172459 0.0265044 0.0195709 0.0148664 0.0126878 0.0126956 0.0147702 0.0193086 0.0126878 0.0127209 0.0148600 0.0149012 0.0172623 0.0195118 0.0170970 0.0148700 0.0170009 0.0105309 0.0147757 0.0126471 0.0105309 0.0105589 0.0148150 0.0148607 0.0194028 0.0105083 0.0127209 0.0171043 0.0083102 0.0062807 0.0127658 0.0126895 0.0127322 0.0127342 0.0041160 0.0126871 0.0217931 0.0171656 0.0241374 0.0171764 0.0264275 0.0171648 0.0217579 0.0239009 0.0194005 0.0194127 0.0216269 0.0240723 0.0171755 0.0193995 0.0262115 0.0216993 
13654_5472_5962_DQ854179_B_NA_NA 0.0083409 0.0062297 0.0062297 0.0126191 0.0083409 0.0083694 0.0041514 0.0104757 0.0083405 0.0126221 0.0083409 0.0105727 0.0084450 0.0062915 0.0000010 0.0083340 0.0126143 0.0083367 0.0147772 0.0084227 0.0083369 0.0000000 0.0083288 0.0062719 0.0020515 0.0148339 0.0041201 0.0104682 0.0020515 0.0127403 0.0219401 0.0219911 0.0150858 0.0173204 0.0241903 0.0243183 0.0194573 0.0174805 0.0217342 0.0196680 0.0172019 0.0172019 0.0127744 0.0193991 0.0194000 0.0171751 0.0172148 0.0127750 0.0127744 0.0216999 0.0171793 0.0149633 0.0106031 0.0171694 0.0239680 0.0150264 0.0217321 0.0241606 0.0287701 0.0264576 0.0173565 0.0242573 0.0242417 0.0239867 0.0217063 0.0264242 0.0173195 0.0311804 0.0195731 0.0172369 0.0196139 0.0171868 0.0214994 0.0197522 0.0195606 0.0173195 0.0150866 0.0173195 0.0288413 0.0196550 0.0149290 0.0127410 0.0127489 0.0148321 0.0193906 0.0127410 0.0127744 0.0149225 0.0149641 0.0173360 0.0195954 0.0171694 0.0149326 0.0083301 0.0105749 0.0062056 0.0041308 0.0105749 0.0106031 0.0062218 0.0149233 0.0105677 0.0105522 0.0127744 0.0171768 0.0126245 0.0063067 0.0128196 0.0127428 0.0127858 0.0127878 0.0083373 0.0127403 0.0218868 0.0172386 0.0242417 0.0172495 0.0265419 0.0172377 0.0218514 0.0240024 0.0194832 0.0194956 0.0217194 0.0241761 0.0172486 0.0194823 0.0263230 0.0217924 
13654_5472_5962_DQ854178_B_NA_NA 0.0170062 0.0148196 0.0148196 0.0214401 0.0170062 0.0170656 0.0126988 0.0192232 0.0170054 0.0214453 0.0170062 0.0193924 0.0172127 0.0149608 0.0083288 0.0169920 0.0214318 0.0169976 0.0236708 0.0171664 0.0169980 0.0083288 0.0000000 0.0149133 0.0104579 0.0237629 0.0126012 0.0192093 0.0104579 0.0216364 0.0312818 0.0313551 0.0241482 0.0264636 0.0335975 0.0337592 0.0286366 0.0266970 0.0310022 0.0289377 0.0262919 0.0262919 0.0216951 0.0285502 0.0285515 0.0262506 0.0263119 0.0216961 0.0216951 0.0309529 0.0262571 0.0239591 0.0194492 0.0262416 0.0332988 0.0240615 0.0309994 0.0335555 0.0383152 0.0359277 0.0265193 0.0336899 0.0336689 0.0333247 0.0309619 0.0358947 0.0264624 0.0408218 0.0287967 0.0263450 0.0288573 0.0262686 0.0306778 0.0290481 0.0287781 0.0264624 0.0241493 0.0264624 0.0384236 0.0289182 0.0239045 0.0216374 0.0216511 0.0237599 0.0285377 0.0216374 0.0216951 0.0238941 0.0239603 0.0264842 0.0288262 0.0262416 0.0239104 0.0169839 0.0193967 0.0147610 0.0126346 0.0193967 0.0194492 0.0148002 0.0238952 0.0193831 0.0193651 0.0216951 0.0262530 0.0214495 0.0149976 0.0217732 0.0216406 0.0217148 0.0217183 0.0169989 0.0216364 0.0312091 0.0263475 0.0336689 0.0263644 0.0360389 0.0263462 0.0311708 0.0333467 0.0286751 0.0286936 0.0309808 0.0335774 0.0263632 0.0286738 0.0357566 0.0310859 
13654_5472_5962_DQ854176_B_NA_NA 0.0105795 0.0084295 0.0084295 0.0149355 0.0105795 0.0106162 0.0084614 0.0127544 0.0105789 0.0149391 0.0105795 0.0128720 0.0151193 0.0128742 0.0062719 0.0149229 0.0149298 0.0105741 0.0171307 0.0150785 0.0149283 0.0062719 0.0149133 0.0000000 0.0041646 0.0171972 0.0062722 0.0171356 0.0041646 0.0150785 0.0244718 0.0245292 0.0174882 0.0197626 0.0267559 0.0268951 0.0219252 0.0199443 0.0242433 0.0221627 0.0196281 0.0196281 0.0151193 0.0218589 0.0218599 0.0195972 0.0196430 0.0151201 0.0151193 0.0242047 0.0196020 0.0173465 0.0129096 0.0195906 0.0265105 0.0219525 0.0242410 0.0267227 0.0314054 0.0290565 0.0198042 0.0268307 0.0268132 0.0265314 0.0242118 0.0290224 0.0197616 0.0338583 0.0220546 0.0196684 0.0221011 0.0196107 0.0239808 0.0222553 0.0220404 0.0197616 0.0174891 0.0197616 0.0314869 0.0221478 0.0173063 0.0150793 0.0150888 0.0171952 0.0218492 0.0150793 0.0151193 0.0172987 0.0173474 0.0197798 0.0220792 0.0195906 0.0173105 0.0105657 0.0128748 0.0083964 0.0062887 0.0128748 0.0129096 0.0084185 0.0172996 0.0128659 0.0128488 0.0151193 0.0241479 0.0193712 0.0129060 0.0151735 0.0195478 0.0196150 0.0196182 0.0149290 0.0150785 0.0244126 0.0196704 0.0268132 0.0196830 0.0291490 0.0196694 0.0243754 0.0265489 0.0219547 0.0219688 0.0242266 0.0267400 0.0196820 0.0219536 0.0289104 0.0243089 
13654_5472_5962_DQ854175_B_NA_NA 0.0062301 0.0041361 0.0041361 0.0104732 0.0062301 0.0062513 0.0041514 0.0083464 0.0062297 0.0104757 0.0062301 0.0084245 0.0106031 0.0084259 0.0020515 0.0104646 0.0104693 0.0062269 0.0126150 0.0105749 0.0104682 0.0020515 0.0104579 0.0041646 0.0000000 0.0126631 0.0020516 0.0126185 0.0000010 0.0105749 0.0196709 0.0197165 0.0128806 0.0150969 0.0219071 0.0220257 0.0172274 0.0152381 0.0194842 0.0174153 0.0149923 0.0149923 0.0106031 0.0171760 0.0171769 0.0149691 0.0150036 0.0106036 0.0106031 0.0194535 0.0149727 0.0127750 0.0084487 0.0149641 0.0217041 0.0172486 0.0194823 0.0218804 0.0264564 0.0241606 0.0151282 0.0219677 0.0219536 0.0217211 0.0194592 0.0241278 0.0150961 0.0288443 0.0173314 0.0150227 0.0173675 0.0149792 0.0192707 0.0174919 0.0173204 0.0150961 0.0128813 0.0150961 0.0265193 0.0174037 0.0127458 0.0105755 0.0105820 0.0126617 0.0171685 0.0105755 0.0106031 0.0127403 0.0127757 0.0151109 0.0173517 0.0149641 0.0127489 0.0062221 0.0084263 0.0041201 0.0020569 0.0084263 0.0084487 0.0041308 0.0127410 0.0084206 0.0084070 0.0106031 0.0194084 0.0147948 0.0084464 0.0106405 0.0149319 0.0149825 0.0149849 0.0104688 0.0105749 0.0196226 0.0150242 0.0219536 0.0150337 0.0242381 0.0150235 0.0195890 0.0217353 0.0172503 0.0172612 0.0194709 0.0218943 0.0150329 0.0172495 0.0240356 0.0195362 
13654_5472_5962_DQ854174_B_NA_NA 0.0104666 0.0083388 0.0083388 0.0147790 0.0104666 0.0105026 0.0083699 0.0126196 0.0104661 0.0147826 0.0104666 0.0127349 0.0149595 0.0127371 0.0148339 0.0237784 0.0104627 0.0192962 0.0126070 0.0149194 0.0104616 0.0148339 0.0237629 0.0171972 0.0126631 0.0000000 0.0148346 0.0126105 0.0126631 0.0105682 0.0242208 0.0242772 0.0173040 0.0195565 0.0264846 0.0266216 0.0216995 0.0197350 0.0239961 0.0219329 0.0194243 0.0194243 0.0149595 0.0216344 0.0216355 0.0193940 0.0194390 0.0149602 0.0149595 0.0239581 0.0193987 0.0171649 0.0127717 0.0193875 0.0262443 0.0217264 0.0239938 0.0264519 0.0310951 0.0287652 0.0195973 0.0265580 0.0265409 0.0262648 0.0239651 0.0287324 0.0195555 0.0335261 0.0218268 0.0194639 0.0218724 0.0194072 0.0237394 0.0220241 0.0218129 0.0195555 0.0173049 0.0195555 0.0289414 0.0219183 0.0171254 0.0149202 0.0149295 0.0170162 0.0216250 0.0149202 0.0149595 0.0171180 0.0171658 0.0195734 0.0218510 0.0193875 0.0171296 0.0192805 0.0127377 0.0170226 0.0148742 0.0127377 0.0127717 0.0170682 0.0171189 0.0217312 0.0127120 0.0149595 0.0239034 0.0147854 0.0127682 0.0150126 0.0193455 0.0194115 0.0194146 0.0104622 0.0149194 0.0241626 0.0194658 0.0265409 0.0194781 0.0240835 0.0194648 0.0194648 0.0262820 0.0217285 0.0217423 0.0239797 0.0264689 0.0194772 0.0217275 0.0286225 0.0240605 
13654_5472_5962_DQ854173_B_NA_NA 0.0083413 0.0062301 0.0062301 0.0126198 0.0083413 0.0083698 0.0062533 0.0104763 0.0083409 0.0126228 0.0083413 0.0105732 0.0127750 0.0105749 0.0041201 0.0126093 0.0126150 0.0083371 0.0147780 0.0127410 0.0126137 0.0041201 0.0126012 0.0062722 0.0020516 0.0148346 0.0000000 0.0147821 0.0020516 0.0127410 0.0219411 0.0219922 0.0150866 0.0173213 0.0241915 0.0243195 0.0194583 0.0174814 0.0217353 0.0196690 0.0172027 0.0172027 0.0127750 0.0194000 0.0194010 0.0171760 0.0172157 0.0127757 0.0127750 0.0217009 0.0171802 0.0149641 0.0106036 0.0171702 0.0239691 0.0194823 0.0217332 0.0241618 0.0287714 0.0264589 0.0173573 0.0242585 0.0242429 0.0239879 0.0217073 0.0264254 0.0173204 0.0311818 0.0195740 0.0172377 0.0196149 0.0171877 0.0215004 0.0197532 0.0195616 0.0173204 0.0150874 0.0173204 0.0288426 0.0196559 0.0149298 0.0127416 0.0127496 0.0148329 0.0193916 0.0127416 0.0127750 0.0149233 0.0149649 0.0173368 0.0195964 0.0171702 0.0149334 0.0083306 0.0105755 0.0062059 0.0041310 0.0105755 0.0106036 0.0062221 0.0149241 0.0105682 0.0105527 0.0127750 0.0216505 0.0169776 0.0106007 0.0128203 0.0171332 0.0171914 0.0171942 0.0126143 0.0127410 0.0218879 0.0172395 0.0242429 0.0172503 0.0265431 0.0172386 0.0218525 0.0240035 0.0194842 0.0194966 0.0217204 0.0241773 0.0172495 0.0194832 0.0263242 0.0217934 
13654_5472_5962_DQ854171_B_NA_NA 0.0104300 0.0083097 0.0083097 0.0147269 0.0104300 0.0104657 0.0062299 0.0125752 0.0104295 0.0147304 0.0104300 0.0126898 0.0105589 0.0083910 0.0104682 0.0192218 0.0104261 0.0192282 0.0125627 0.0105309 0.0062017 0.0104682 0.0192093 0.0171356 0.0126185 0.0126105 0.0147821 0.0000000 0.0126185 0.0105309 0.0241325 0.0241885 0.0172417 0.0194858 0.0263880 0.0265242 0.0216212 0.0196632 0.0239103 0.0218531 0.0193545 0.0193545 0.0149061 0.0215576 0.0215576 0.0193244 0.0193691 0.0149069 0.0149061 0.0238726 0.0193291 0.0171035 0.0127264 0.0193179 0.0261495 0.0171755 0.0239080 0.0263555 0.0309817 0.0286614 0.0195263 0.0264609 0.0264439 0.0261698 0.0238796 0.0286278 0.0194848 0.0334035 0.0217477 0.0193938 0.0217931 0.0193375 0.0236544 0.0219437 0.0217339 0.0194848 0.0172426 0.0194848 0.0288353 0.0218386 0.0170643 0.0148671 0.0148764 0.0169558 0.0215482 0.0148671 0.0149061 0.0170569 0.0171044 0.0195027 0.0217718 0.0193179 0.0170684 0.0192126 0.0126926 0.0169621 0.0148214 0.0126926 0.0127264 0.0170074 0.0170578 0.0216527 0.0126670 0.0149061 0.0193262 0.0104345 0.0084113 0.0149589 0.0148692 0.0149194 0.0149218 0.0062020 0.0148664 0.0240747 0.0193957 0.0264439 0.0194080 0.0287506 0.0193948 0.0240380 0.0261868 0.0216501 0.0216638 0.0238940 0.0263724 0.0194070 0.0216490 0.0285186 0.0239732 
13654_5472_5962_DQ854170_B_NA_NA 0.0062301 0.0041361 0.0041361 0.0104732 0.0062301 0.0062513 0.0041514 0.0083464 0.0062297 0.0104757 0.0062301 0.0084245 0.0106031 0.0084259 0.0020515 0.0104646 0.0104693 0.0062269 0.0126150 0.0105749 0.0104682 0.0020515 0.0104579 0.0041646 0.0000010 0.0126631 0.0020516 0.0126185 0.0000000 0.0105749 0.0196709 0.0197165 0.0128806 0.0150969 0.0219071 0.0220257 0.0172274 0.0152381 0.0194842 0.0174153 0.0149923 0.0149923 0.0106031 0.0171760 0.0171769 0.0149691 0.0150036 0.0106036 0.0106031 0.0194535 0.0149727 0.0127750 0.0084487 0.0149641 0.0217041 0.0172486 0.0194823 0.0218804 0.0264564 0.0241606 0.0151282 0.0219677 0.0219536 0.0217211 0.0194592 0.0241278 0.0150961 0.0288443 0.0173314 0.0150227 0.0173675 0.0149792 0.0192707 0.0174919 0.0173204 0.0150961 0.0128813 0.0150961 0.0265193 0.0174037 0.0127458 0.0105755 0.0105820 0.0126617 0.0171685 0.0105755 0.0106031 0.0127403 0.0127757 0.0151109 0.0173517 0.0149641 0.0127489 0.0062221 0.0084263 0.0041201 0.0020569 0.0084263 0.0084487 0.0041308 0.0127410 0.0084206 0.0084070 0.0106031 0.0194084 0.0147948 0.0084464 0.0106405 0.0149319 0.0149825 0.0149849 0.0104688 0.0105749 0.0196226 0.0150242 0.0219536 0.0150337 0.0242381 0.0150235 0.0195890 0.0217353 0.0172503 0.0172612 0.0194709 0.0218943 0.0150329 0.0172495 0.0240356 0.0195362 
13654_5472_5962_DQ854169_B_NA_NA 0.0083919 0.0062686 0.0062686 0.0126932 0.0083919 0.0084207 0.0062921 0.0105385 0.0083914 0.0126963 0.0083919 0.0106365 0.0128501 0.0106382 0.0127403 0.0216505 0.0083887 0.0171834 0.0105280 0.0128157 0.0083878 0.0127403 0.0216364 0.0150785 0.0105749 0.0105682 0.0127410 0.0105309 0.0105749 0.0000000 0.0220605 0.0221121 0.0151738 0.0174194 0.0243201 0.0244491 0.0195658 0.0175810 0.0218530 0.0197785 0.0172998 0.0172998 0.0128501 0.0195070 0.0195080 0.0172727 0.0173129 0.0128507 0.0128501 0.0173095 0.0172770 0.0150502 0.0106672 0.0172669 0.0240960 0.0195900 0.0218508 0.0242902 0.0289177 0.0265964 0.0174558 0.0243877 0.0243720 0.0241149 0.0218247 0.0265628 0.0174185 0.0313367 0.0196826 0.0173351 0.0197238 0.0172845 0.0216150 0.0198633 0.0196700 0.0174185 0.0151746 0.0174185 0.0267596 0.0197653 0.0150155 0.0128163 0.0128243 0.0149177 0.0194985 0.0128163 0.0128501 0.0150090 0.0150509 0.0174351 0.0197051 0.0172669 0.0150191 0.0171694 0.0106388 0.0149233 0.0127750 0.0106388 0.0106672 0.0149633 0.0150097 0.0195944 0.0106158 0.0128501 0.0217674 0.0126987 0.0106643 0.0128958 0.0172295 0.0172883 0.0172911 0.0083883 0.0128157 0.0220068 0.0173368 0.0243720 0.0173478 0.0266813 0.0173360 0.0219712 0.0241307 0.0195920 0.0196045 0.0218379 0.0243058 0.0173469 0.0195910 0.0264608 0.0219116 
