138
13654_5988_7037_DQ854480_B_NA_NA 0.0000000 0.0000010 0.0009506 0.0058430 0.0028854 0.0058009 0.0057972 0.0019222 0.0019074 0.0028937 0.0019078 0.0038455 0.0019221 0.0019221 0.0048518 0.0019081 0.0418442 0.0406117 0.0175981 0.0078476 0.0245981 0.0238826 0.0132289 0.0179479 0.0048218 0.0187022 0.0163399 0.0069176 0.0078065 0.0068576 0.0185549 0.0276991 0.0277592 0.0232217 0.0257720 0.0308101 0.0174119 0.0196055 0.0058242 0.0058341 0.0048425 0.0186553 0.0152349 0.0068123 0.0217765 0.0184339 0.0058204 0.0098415 0.0142015 0.0088775 0.0276503 0.0253503 0.0028952 0.0397281 0.0099879 0.0048131 0.0019115 0.0173494 0.0068116 0.0048936 0.0310518 0.0029086 0.0019078 0.0028712 0.0019078 0.0028715 0.0057964 0.0000010 0.0057976 0.0019134 0.0099656 0.0120041 0.0038416 0.0058089 0.0038619 0.0038820 0.0019156 0.0028697 0.0038468 0.0028725 0.0009506 0.0098608 0.0038473 0.0028715 0.0048382 0.0028837 0.0019074 0.0019070 0.0019115 0.0019078 0.0038645 0.0028819 0.0197542 0.0267895 0.0048551 0.0038384 0.0028715 0.0038384 0.0028697 0.0100444 0.0139929 0.0048337 0.0048348 0.0109030 0.0109117 0.0048244 0.0223035 0.0252351 0.0198280 0.0048757 0.0391383 0.0357948 0.0385316 0.0241702 0.0203085 0.0289926 0.0048375 0.0048420 0.0067929 0.0195249 0.0068216 0.0038574 0.0058433 0.0234181 0.0221364 0.0445382 0.0473185 0.0361908 0.0388412 0.0396750 0.0449828 0.0418120 0.0415838 0.0386849 0.0430801 0.0375273 0.0429715 0.0350339 
13654_5987_7037_DQ854479_B_NA_NA 0.0000010 0.0000000 0.0009499 0.0058383 0.0028831 0.0057963 0.0057972 0.0019222 0.0019074 0.0028937 0.0019078 0.0038455 0.0019221 0.0019221 0.0048518 0.0019081 0.0418442 0.0406117 0.0175981 0.0078476 0.0245981 0.0238826 0.0132289 0.0179479 0.0048218 0.0187022 0.0163399 0.0069176 0.0078065 0.0068521 0.0185549 0.0276991 0.0277592 0.0232217 0.0257720 0.0308101 0.0174119 0.0196055 0.0058242 0.0058341 0.0048425 0.0186553 0.0152349 0.0068123 0.0217765 0.0184339 0.0058204 0.0098415 0.0142015 0.0088775 0.0276503 0.0253503 0.0028952 0.0397281 0.0099879 0.0048131 0.0019115 0.0173494 0.0068116 0.0048936 0.0310518 0.0029086 0.0019078 0.0028712 0.0019078 0.0028715 0.0057964 0.0000010 0.0057976 0.0019134 0.0099656 0.0120041 0.0038416 0.0058089 0.0038619 0.0038820 0.0019156 0.0028697 0.0038468 0.0028725 0.0009506 0.0098608 0.0038473 0.0028715 0.0048382 0.0028837 0.0019074 0.0019070 0.0019115 0.0019078 0.0038645 0.0028819 0.0197542 0.0267895 0.0048551 0.0038384 0.0028715 0.0038384 0.0028697 0.0100444 0.0139929 0.0048337 0.0048348 0.0109030 0.0109117 0.0048244 0.0223035 0.0252351 0.0198280 0.0048757 0.0391383 0.0357948 0.0385316 0.0241702 0.0203085 0.0302899 0.0048375 0.0048420 0.0067929 0.0195249 0.0068216 0.0038574 0.0058433 0.0234181 0.0221364 0.0445382 0.0472760 0.0361589 0.0388068 0.0396400 0.0449425 0.0417751 0.0415467 0.0386507 0.0430420 0.0374941 0.0429329 0.0350032 
13654_5987_7037_DQ854478_B_NA_NA 0.0009506 0.0009499 0.0000000 0.0068306 0.0038555 0.0067821 0.0067831 0.0028916 0.0028697 0.0038698 0.0028703 0.0048211 0.0028915 0.0028915 0.0058387 0.0028706 0.0430456 0.0418079 0.0186793 0.0088536 0.0257313 0.0249863 0.0142845 0.0190540 0.0058032 0.0197917 0.0174064 0.0079271 0.0088077 0.0078528 0.0196347 0.0288348 0.0288965 0.0243367 0.0269076 0.0319838 0.0184841 0.0206898 0.0068146 0.0068261 0.0058278 0.0197425 0.0162936 0.0078078 0.0228718 0.0195089 0.0068103 0.0108565 0.0152552 0.0098914 0.0287852 0.0264724 0.0038715 0.0409245 0.0110167 0.0057927 0.0028758 0.0184181 0.0078070 0.0058885 0.0322024 0.0038891 0.0028703 0.0038397 0.0028703 0.0038400 0.0067822 0.0009506 0.0067837 0.0028786 0.0109923 0.0130399 0.0048162 0.0067968 0.0048415 0.0048662 0.0028819 0.0038376 0.0048227 0.0038413 0.0019070 0.0108774 0.0048234 0.0038400 0.0058228 0.0038563 0.0028697 0.0028690 0.0028757 0.0028703 0.0048447 0.0038537 0.0208450 0.0279272 0.0058427 0.0048121 0.0038400 0.0048121 0.0038376 0.0110783 0.0150338 0.0058173 0.0058186 0.0119275 0.0119370 0.0058062 0.0234242 0.0263528 0.0209231 0.0058675 0.0403225 0.0369670 0.0397240 0.0252845 0.0214302 0.0314444 0.0058218 0.0058272 0.0077859 0.0206061 0.0078185 0.0048358 0.0068368 0.0245413 0.0232508 0.0457577 0.0485105 0.0373407 0.0400039 0.0408346 0.0461698 0.0429762 0.0427616 0.0398442 0.0442493 0.0386843 0.0441581 0.0361793 
13654_5987_7037_DQ854477_B_NA_NA 0.0058430 0.0058383 0.0068306 0.0000000 0.0088813 0.0118984 0.0119002 0.0078932 0.0078364 0.0089164 0.0078380 0.0098710 0.0078930 0.0078930 0.0109523 0.0078391 0.0494674 0.0481979 0.0231846 0.0140879 0.0317207 0.0285260 0.0198080 0.0248710 0.0108895 0.0255222 0.0230024 0.0131687 0.0140168 0.0130500 0.0253111 0.0348510 0.0349206 0.0302215 0.0329109 0.0382135 0.0241164 0.0263963 0.0119535 0.0119737 0.0109339 0.0254610 0.0218439 0.0129807 0.0286475 0.0251622 0.0119476 0.0161506 0.0207715 0.0151724 0.0347973 0.0324057 0.0089167 0.0473109 0.0163798 0.0108701 0.0078533 0.0240320 0.0129792 0.0110422 0.0383124 0.0089544 0.0078380 0.0088456 0.0078380 0.0088463 0.0118983 0.0058430 0.0119011 0.0078610 0.0163461 0.0184529 0.0098608 0.0119242 0.0099108 0.0099579 0.0078684 0.0088407 0.0098745 0.0088495 0.0068361 0.0161786 0.0098754 0.0088463 0.0109257 0.0088831 0.0078364 0.0078347 0.0078531 0.0078380 0.0099176 0.0088765 0.0265847 0.0339473 0.0109605 0.0098524 0.0088463 0.0098524 0.0088407 0.0164678 0.0204866 0.0109144 0.0109169 0.0172764 0.0172906 0.0108953 0.0293366 0.0322630 0.0266858 0.0110058 0.0466433 0.0432105 0.0460850 0.0311716 0.0273374 0.0375690 0.0109231 0.0109331 0.0129456 0.0262973 0.0129980 0.0098993 0.0119924 0.0304705 0.0291314 0.0522862 0.0551282 0.0436349 0.0463895 0.0472108 0.0527409 0.0493972 0.0492520 0.0462104 0.0507074 0.0450280 0.0507090 0.0424384 
13654_5987_7037_DQ854476_B_NA_NA 0.0028854 0.0028831 0.0038555 0.0088813 0.0000000 0.0088195 0.0088208 0.0048747 0.0048384 0.0058724 0.0048394 0.0068274 0.0048745 0.0048745 0.0078733 0.0048401 0.0456911 0.0444379 0.0209711 0.0109432 0.0281644 0.0273535 0.0165032 0.0214016 0.0078263 0.0221067 0.0196617 0.0100182 0.0108869 0.0099256 0.0219277 0.0312856 0.0313508 0.0267246 0.0293497 0.0345287 0.0207564 0.0229972 0.0088612 0.0088763 0.0058559 0.0198396 0.0185278 0.0098703 0.0252119 0.0217919 0.0088561 0.0129745 0.0174736 0.0120023 0.0312341 0.0288844 0.0058740 0.0435516 0.0131634 0.0078123 0.0048488 0.0206827 0.0098693 0.0068776 0.0346983 0.0059000 0.0048394 0.0058263 0.0048394 0.0058267 0.0088195 0.0028854 0.0088215 0.0048536 0.0131350 0.0152112 0.0068204 0.0088387 0.0068558 0.0068899 0.0048587 0.0058230 0.0068298 0.0058288 0.0038586 0.0129985 0.0068306 0.0058267 0.0078527 0.0058513 0.0048384 0.0048374 0.0048487 0.0048394 0.0068604 0.0058472 0.0231665 0.0303781 0.0078788 0.0068147 0.0058267 0.0068147 0.0058230 0.0132359 0.0172253 0.0078449 0.0078467 0.0140702 0.0140816 0.0078305 0.0258210 0.0287550 0.0232541 0.0079120 0.0429210 0.0395274 0.0423382 0.0276751 0.0238206 0.0339453 0.0078511 0.0078584 0.0098430 0.0229068 0.0098837 0.0068478 0.0088902 0.0269478 0.0256338 0.0484524 0.0512473 0.0399228 0.0426291 0.0434572 0.0488829 0.0456211 0.0454354 0.0424610 0.0469119 0.0412896 0.0468594 0.0387449 
13654_5987_7037_DQ854475_B_NA_NA 0.0058009 0.0057963 0.0067821 0.0118984 0.0088195 0.0000000 0.0118205 0.0078375 0.0077813 0.0088541 0.0077829 0.0098033 0.0078372 0.0078372 0.0108778 0.0077840 0.0491853 0.0479632 0.0242116 0.0139953 0.0315417 0.0306468 0.0196838 0.0247197 0.0108156 0.0253709 0.0228638 0.0130806 0.0139249 0.0129633 0.0251620 0.0346619 0.0347311 0.0300502 0.0327279 0.0380083 0.0239728 0.0262426 0.0118733 0.0118932 0.0108596 0.0253102 0.0217109 0.0128946 0.0284844 0.0250143 0.0118674 0.0160472 0.0206436 0.0150737 0.0346085 0.0322262 0.0088544 0.0470784 0.0162740 0.0107964 0.0077980 0.0238891 0.0128932 0.0109666 0.0381109 0.0088917 0.0077829 0.0087842 0.0077829 0.0087849 0.0118187 0.0058009 0.0118214 0.0078057 0.0162406 0.0183369 0.0097931 0.0118442 0.0098425 0.0098891 0.0078130 0.0087793 0.0098067 0.0087880 0.0067875 0.0160748 0.0098076 0.0087849 0.0108514 0.0088213 0.0077813 0.0077797 0.0077978 0.0077829 0.0098493 0.0088147 0.0264295 0.0337607 0.0108858 0.0077786 0.0087849 0.0097849 0.0087793 0.0163611 0.0203612 0.0108402 0.0108428 0.0171668 0.0161260 0.0108214 0.0291673 0.0320847 0.0265296 0.0109306 0.0464146 0.0429924 0.0458561 0.0309973 0.0271750 0.0373691 0.0108489 0.0108588 0.0128600 0.0261443 0.0129118 0.0098312 0.0119117 0.0302972 0.0289636 0.0520378 0.0548707 0.0434140 0.0461590 0.0469788 0.0524899 0.0491588 0.0490114 0.0459810 0.0504649 0.0448021 0.0504630 0.0422216 
13654_5988_7037_DQ854474_B_NA_NA 0.0057972 0.0057972 0.0067831 0.0119002 0.0088208 0.0118205 0.0000000 0.0078323 0.0077763 0.0088483 0.0077779 0.0097969 0.0078321 0.0078321 0.0108706 0.0077790 0.0491913 0.0479268 0.0241944 0.0139859 0.0315184 0.0283433 0.0196700 0.0247018 0.0108085 0.0253528 0.0228477 0.0130718 0.0139156 0.0129652 0.0251442 0.0346364 0.0347056 0.0300284 0.0327038 0.0379796 0.0239559 0.0262240 0.0118654 0.0118853 0.0108524 0.0252922 0.0216957 0.0128860 0.0284640 0.0249966 0.0118595 0.0160363 0.0206292 0.0150635 0.0345830 0.0322028 0.0088486 0.0470425 0.0162628 0.0107894 0.0077929 0.0238723 0.0128846 0.0109593 0.0380827 0.0088858 0.0077779 0.0087785 0.0077779 0.0087792 0.0118109 0.0057972 0.0118136 0.0078006 0.0162295 0.0183243 0.0097867 0.0118364 0.0098361 0.0098826 0.0078079 0.0087736 0.0098003 0.0087823 0.0067831 0.0160640 0.0098012 0.0087792 0.0108443 0.0088155 0.0077763 0.0077747 0.0077927 0.0077779 0.0098428 0.0088089 0.0264107 0.0337359 0.0108786 0.0077713 0.0087792 0.0097785 0.0087736 0.0163498 0.0203471 0.0108331 0.0108356 0.0171551 0.0171691 0.0108143 0.0291460 0.0320614 0.0265106 0.0109234 0.0463795 0.0429601 0.0458212 0.0309748 0.0271551 0.0359896 0.0108417 0.0108516 0.0128514 0.0261258 0.0129032 0.0098248 0.0119038 0.0302751 0.0289425 0.0519977 0.0548778 0.0434198 0.0461652 0.0469850 0.0524967 0.0491652 0.0490179 0.0459871 0.0504714 0.0448081 0.0504697 0.0422273 
13654_5988_7037_DQ854473_B_NA_NA 0.0019222 0.0019222 0.0028916 0.0078932 0.0048747 0.0078375 0.0078323 0.0000000 0.0038674 0.0048892 0.0038682 0.0058464 0.0038967 0.0038967 0.0068827 0.0038687 0.0444926 0.0432452 0.0198978 0.0099373 0.0270399 0.0262580 0.0154529 0.0203029 0.0068411 0.0210251 0.0186024 0.0090084 0.0088444 0.0089315 0.0208561 0.0301582 0.0302220 0.0256185 0.0282233 0.0333629 0.0196917 0.0219211 0.0078686 0.0078820 0.0068701 0.0209730 0.0174756 0.0088737 0.0241250 0.0207246 0.0078638 0.0119617 0.0164262 0.0109897 0.0301075 0.0277709 0.0048909 0.0423594 0.0121374 0.0068288 0.0038757 0.0196215 0.0088728 0.0069413 0.0335552 0.0049129 0.0038682 0.0048508 0.0038682 0.0048512 0.0078312 0.0019222 0.0078330 0.0038796 0.0121109 0.0141797 0.0058404 0.0078482 0.0058710 0.0059007 0.0038838 0.0048481 0.0058484 0.0048529 0.0028916 0.0119842 0.0058492 0.0048512 0.0068643 0.0048718 0.0038674 0.0038666 0.0038756 0.0038682 0.0058750 0.0048684 0.0220842 0.0292492 0.0068876 0.0058355 0.0048512 0.0058355 0.0048481 0.0122050 0.0161899 0.0068576 0.0068592 0.0130489 0.0130595 0.0068448 0.0247089 0.0276458 0.0221675 0.0069167 0.0417410 0.0383610 0.0411505 0.0265694 0.0227075 0.0314776 0.0068630 0.0068694 0.0088489 0.0218336 0.0088858 0.0058641 0.0078944 0.0258335 0.0245278 0.0472342 0.0500577 0.0387814 0.0414738 0.0423045 0.0476998 0.0444623 0.0442637 0.0413091 0.0457476 0.0401405 0.0456781 0.0376085 
13654_5988_7037_DQ854472_B_NA_NA 0.0019074 0.0019074 0.0028697 0.0078364 0.0048384 0.0077813 0.0077763 0.0038674 0.0000000 0.0048527 0.0038392 0.0058035 0.0038673 0.0038673 0.0068326 0.0038397 0.0442597 0.0430167 0.0197695 0.0098673 0.0268749 0.0261002 0.0153486 0.0201697 0.0067915 0.0208907 0.0184817 0.0089437 0.0098164 0.0088678 0.0207236 0.0299813 0.0300445 0.0254616 0.0280534 0.0331688 0.0195654 0.0217835 0.0078120 0.0078252 0.0068201 0.0208391 0.0173610 0.0088107 0.0239768 0.0205933 0.0078073 0.0118795 0.0163172 0.0109131 0.0299308 0.0276048 0.0048544 0.0421334 0.0120532 0.0067794 0.0038466 0.0194958 0.0088098 0.0068904 0.0333642 0.0048761 0.0038392 0.0048148 0.0038392 0.0048152 0.0077752 0.0019074 0.0077769 0.0038504 0.0120270 0.0140839 0.0057976 0.0077920 0.0058278 0.0058571 0.0038546 0.0048121 0.0058055 0.0048169 0.0028697 0.0119018 0.0058062 0.0048152 0.0068144 0.0048355 0.0038384 0.0038376 0.0038465 0.0038392 0.0058317 0.0048322 0.0219451 0.0290753 0.0068374 0.0057927 0.0048152 0.0057927 0.0048121 0.0121200 0.0160834 0.0068078 0.0068093 0.0129601 0.0129705 0.0067951 0.0245549 0.0274808 0.0220275 0.0068661 0.0415190 0.0381511 0.0409287 0.0264089 0.0225617 0.0312945 0.0068131 0.0068195 0.0087862 0.0216967 0.0088227 0.0058210 0.0078375 0.0256746 0.0243753 0.0469903 0.0498032 0.0385683 0.0412500 0.0420787 0.0474529 0.0442293 0.0440286 0.0410864 0.0455098 0.0399219 0.0454371 0.0374000 
13654_5988_7037_DQ854471_B_NA_NA 0.0028937 0.0028937 0.0038698 0.0089164 0.0058724 0.0088541 0.0088483 0.0048892 0.0048527 0.0000000 0.0048537 0.0058514 0.0048890 0.0048890 0.0078976 0.0048544 0.0446433 0.0433890 0.0210483 0.0109785 0.0271042 0.0263176 0.0165611 0.0203409 0.0078504 0.0221892 0.0197326 0.0100504 0.0109218 0.0099654 0.0220088 0.0302356 0.0302997 0.0256762 0.0294677 0.0334572 0.0208321 0.0230830 0.0088890 0.0089041 0.0078834 0.0210126 0.0185937 0.0099016 0.0253079 0.0218721 0.0088839 0.0130174 0.0175351 0.0120416 0.0301846 0.0278375 0.0058918 0.0424988 0.0132074 0.0078363 0.0048632 0.0207579 0.0099006 0.0079643 0.0336485 0.0059179 0.0048537 0.0058437 0.0048537 0.0058442 0.0088470 0.0028937 0.0088490 0.0048680 0.0131789 0.0152631 0.0068411 0.0088663 0.0068767 0.0069110 0.0048731 0.0058404 0.0068505 0.0058462 0.0038698 0.0130414 0.0068514 0.0058442 0.0078770 0.0058689 0.0048527 0.0048517 0.0048631 0.0048537 0.0068814 0.0058648 0.0232535 0.0293229 0.0079033 0.0068353 0.0058442 0.0068353 0.0058404 0.0132805 0.0172852 0.0078692 0.0078710 0.0141173 0.0141288 0.0078546 0.0247634 0.0277117 0.0233418 0.0079366 0.0431093 0.0384785 0.0412835 0.0266308 0.0237034 0.0315614 0.0078754 0.0078827 0.0098741 0.0229920 0.0099151 0.0068687 0.0089181 0.0270539 0.0257335 0.0474012 0.0502417 0.0401320 0.0416289 0.0436889 0.0478705 0.0446130 0.0456825 0.0426867 0.0459055 0.0415080 0.0445218 0.0389464 
13654_5988_7037_DQ854470_B_NA_NA 0.0019078 0.0019078 0.0028703 0.0078380 0.0048394 0.0077829 0.0077779 0.0038682 0.0038392 0.0048537 0.0000000 0.0058047 0.0038681 0.0038681 0.0068340 0.0038405 0.0442672 0.0430240 0.0197734 0.0098693 0.0268800 0.0261051 0.0153517 0.0201738 0.0067929 0.0208948 0.0184853 0.0089456 0.0098184 0.0088696 0.0207276 0.0299868 0.0300501 0.0254665 0.0280587 0.0331749 0.0195692 0.0217877 0.0078136 0.0078269 0.0068215 0.0208432 0.0173644 0.0088125 0.0239814 0.0205972 0.0078090 0.0118819 0.0163205 0.0109153 0.0299363 0.0276099 0.0048554 0.0421406 0.0120557 0.0067808 0.0038474 0.0194996 0.0088116 0.0068918 0.0333702 0.0048772 0.0038400 0.0048158 0.0038400 0.0048162 0.0077767 0.0019078 0.0077785 0.0038512 0.0120294 0.0140867 0.0057988 0.0077936 0.0058290 0.0058584 0.0038554 0.0048131 0.0058067 0.0048179 0.0028703 0.0119042 0.0058074 0.0048162 0.0068158 0.0048366 0.0038392 0.0038384 0.0038473 0.0038400 0.0058329 0.0048332 0.0219493 0.0290807 0.0068388 0.0057939 0.0048162 0.0057939 0.0048131 0.0121225 0.0160865 0.0068092 0.0068108 0.0129627 0.0129731 0.0067965 0.0245596 0.0274859 0.0220318 0.0068676 0.0415261 0.0381578 0.0409358 0.0264139 0.0225661 0.0313003 0.0068146 0.0068209 0.0087880 0.0217009 0.0088245 0.0058222 0.0078391 0.0256795 0.0243799 0.0469982 0.0498115 0.0385751 0.0412572 0.0420860 0.0474609 0.0442368 0.0440362 0.0410936 0.0455175 0.0399289 0.0454449 0.0374067 
13654_5988_7037_DQ854469_B_NA_NA 0.0038455 0.0038455 0.0048211 0.0098710 0.0068274 0.0098033 0.0097969 0.0058464 0.0058035 0.0058514 0.0058047 0.0000000 0.0058463 0.0058463 0.0088528 0.0058055 0.0467899 0.0455340 0.0220050 0.0119324 0.0292318 0.0283952 0.0175246 0.0224594 0.0088009 0.0231464 0.0206851 0.0110128 0.0118716 0.0109210 0.0229582 0.0323489 0.0324153 0.0277776 0.0304161 0.0356207 0.0217828 0.0240297 0.0098413 0.0098579 0.0088373 0.0230901 0.0195468 0.0108525 0.0262499 0.0228187 0.0098359 0.0139669 0.0184902 0.0129960 0.0322968 0.0299396 0.0068495 0.0446491 0.0141678 0.0087851 0.0058160 0.0217060 0.0108513 0.0089264 0.0357690 0.0068793 0.0058047 0.0067944 0.0058047 0.0067949 0.0097954 0.0038455 0.0097976 0.0058217 0.0141379 0.0162170 0.0077914 0.0098166 0.0078314 0.0078697 0.0058276 0.0067906 0.0078021 0.0067973 0.0048211 0.0139920 0.0078030 0.0067949 0.0088303 0.0068234 0.0058035 0.0058023 0.0058159 0.0058047 0.0078367 0.0068185 0.0242044 0.0314445 0.0088591 0.0077849 0.0067949 0.0077849 0.0067906 0.0142451 0.0182311 0.0088214 0.0088235 0.0150684 0.0150807 0.0088055 0.0268816 0.0298065 0.0242959 0.0088961 0.0440086 0.0406094 0.0434340 0.0287257 0.0248866 0.0336845 0.0088284 0.0088365 0.0108228 0.0239368 0.0108671 0.0078223 0.0098733 0.0280080 0.0266894 0.0495635 0.0524152 0.0410491 0.0437676 0.0445928 0.0500456 0.0467615 0.0465884 0.0435963 0.0480572 0.0424226 0.0480212 0.0398668 
13654_5988_7037_DQ854468_B_NA_NA 0.0019221 0.0019221 0.0028915 0.0078930 0.0048745 0.0078372 0.0078321 0.0038967 0.0038673 0.0048890 0.0038681 0.0058463 0.0000000 0.0038966 0.0068825 0.0038686 0.0444922 0.0432447 0.0198974 0.0099370 0.0270394 0.0262576 0.0154525 0.0203025 0.0068409 0.0210247 0.0186020 0.0090082 0.0098855 0.0089313 0.0208556 0.0301577 0.0302215 0.0256180 0.0282228 0.0333624 0.0196913 0.0219207 0.0078684 0.0078817 0.0068699 0.0209726 0.0174752 0.0088735 0.0241246 0.0207242 0.0078636 0.0119614 0.0164258 0.0109895 0.0301070 0.0277704 0.0048908 0.0423589 0.0121371 0.0068286 0.0038756 0.0196211 0.0088726 0.0069411 0.0335547 0.0049128 0.0038681 0.0048506 0.0038681 0.0048510 0.0078310 0.0019221 0.0078328 0.0038794 0.0121106 0.0141794 0.0058403 0.0078480 0.0058708 0.0038536 0.0038837 0.0048479 0.0058483 0.0048527 0.0028915 0.0119839 0.0058490 0.0048510 0.0068641 0.0048717 0.0038673 0.0038664 0.0038755 0.0038681 0.0058748 0.0048683 0.0220838 0.0292487 0.0068874 0.0058353 0.0048510 0.0058353 0.0048479 0.0122047 0.0161895 0.0068574 0.0068590 0.0130486 0.0130591 0.0068446 0.0247085 0.0276454 0.0221671 0.0069165 0.0417405 0.0383605 0.0411500 0.0265689 0.0227070 0.0314771 0.0068628 0.0068692 0.0088486 0.0218332 0.0088856 0.0058640 0.0078942 0.0258330 0.0245273 0.0472337 0.0500573 0.0387809 0.0414733 0.0423040 0.0476994 0.0444618 0.0442632 0.0413086 0.0457471 0.0401400 0.0456776 0.0376080 
13654_5988_7037_DQ854467_B_NA_NA 0.0019221 0.0019221 0.0028915 0.0078930 0.0048745 0.0078372 0.0078321 0.0038967 0.0038673 0.0048890 0.0038681 0.0058463 0.0038966 0.0000000 0.0068825 0.0038686 0.0444922 0.0432447 0.0198974 0.0099370 0.0270394 0.0262576 0.0154525 0.0203025 0.0068409 0.0210247 0.0186020 0.0090082 0.0098855 0.0089313 0.0208556 0.0301577 0.0302215 0.0256180 0.0282228 0.0333624 0.0196913 0.0219207 0.0078684 0.0078817 0.0068699 0.0209726 0.0174752 0.0088735 0.0241246 0.0207242 0.0078636 0.0119614 0.0164258 0.0109895 0.0301070 0.0277704 0.0048908 0.0423589 0.0121371 0.0068286 0.0038756 0.0196211 0.0088726 0.0069411 0.0335547 0.0049128 0.0038681 0.0048506 0.0038681 0.0048510 0.0078310 0.0019221 0.0078328 0.0038794 0.0121106 0.0141794 0.0058403 0.0078480 0.0058708 0.0059006 0.0038837 0.0048479 0.0058483 0.0048527 0.0028915 0.0119839 0.0058490 0.0048510 0.0068641 0.0048717 0.0038673 0.0038664 0.0038755 0.0038681 0.0058748 0.0048683 0.0220838 0.0292487 0.0068874 0.0058353 0.0048510 0.0058353 0.0048479 0.0122047 0.0161895 0.0068574 0.0068590 0.0130486 0.0130591 0.0068446 0.0247085 0.0276454 0.0221671 0.0069165 0.0417405 0.0383605 0.0411500 0.0265689 0.0227070 0.0314771 0.0068628 0.0068692 0.0088486 0.0218332 0.0088856 0.0058640 0.0078942 0.0258330 0.0245273 0.0472337 0.0500573 0.0387809 0.0414733 0.0423040 0.0476994 0.0444618 0.0442632 0.0413086 0.0457471 0.0401400 0.0456776 0.0376080 
13654_5988_7037_DQ854466_B_NA_NA 0.0048518 0.0048518 0.0058387 0.0109523 0.0078733 0.0108778 0.0108706 0.0068827 0.0068326 0.0078976 0.0068340 0.0088528 0.0068825 0.0068825 0.0000000 0.0068350 0.0470186 0.0444617 0.0209976 0.0109623 0.0281926 0.0273810 0.0176169 0.0203015 0.0088680 0.0210237 0.0196875 0.0121160 0.0129708 0.0120157 0.0241813 0.0313133 0.0313785 0.0267524 0.0293777 0.0345563 0.0207827 0.0230242 0.0109197 0.0109381 0.0099056 0.0209716 0.0185531 0.0098881 0.0252392 0.0218185 0.0098637 0.0150896 0.0174983 0.0120225 0.0312617 0.0301148 0.0078985 0.0435759 0.0131849 0.0098474 0.0068474 0.0207089 0.0119397 0.0100048 0.0347253 0.0079324 0.0068340 0.0078351 0.0068340 0.0078357 0.0108689 0.0048518 0.0108714 0.0068541 0.0131565 0.0173703 0.0088436 0.0098904 0.0078923 0.0089317 0.0068608 0.0078307 0.0088559 0.0078385 0.0058387 0.0151162 0.0088567 0.0078357 0.0098980 0.0078685 0.0068326 0.0068312 0.0068472 0.0068340 0.0088949 0.0078627 0.0231937 0.0327543 0.0099300 0.0088361 0.0078357 0.0088361 0.0078307 0.0153884 0.0172497 0.0098879 0.0098902 0.0140923 0.0162187 0.0098703 0.0258490 0.0287827 0.0232813 0.0099713 0.0429453 0.0395531 0.0423630 0.0277028 0.0238486 0.0326425 0.0098957 0.0099049 0.0109029 0.0229337 0.0119571 0.0088785 0.0109553 0.0258318 0.0256617 0.0484743 0.0513142 0.0399840 0.0426920 0.0435202 0.0476976 0.0456850 0.0455000 0.0425236 0.0469765 0.0413516 0.0456759 0.0388053 
13654_5988_7037_DQ854465_B_NA_NA 0.0019081 0.0019081 0.0028706 0.0078391 0.0048401 0.0077840 0.0077790 0.0038687 0.0038397 0.0048544 0.0038405 0.0058055 0.0038686 0.0038686 0.0068350 0.0000000 0.0442784 0.0430348 0.0197771 0.0098708 0.0268857 0.0261104 0.0153544 0.0190653 0.0067939 0.0208988 0.0184887 0.0089469 0.0098199 0.0088710 0.0207316 0.0299933 0.0300566 0.0254717 0.0280647 0.0331825 0.0195728 0.0217919 0.0078148 0.0078280 0.0068225 0.0208472 0.0173675 0.0088138 0.0239861 0.0206011 0.0078101 0.0118838 0.0163233 0.0109170 0.0289074 0.0276157 0.0048561 0.0421511 0.0120576 0.0067817 0.0038480 0.0195032 0.0088129 0.0068928 0.0333778 0.0048778 0.0038405 0.0048165 0.0038405 0.0048169 0.0077779 0.0019081 0.0077796 0.0038517 0.0120314 0.0140891 0.0057996 0.0077947 0.0058298 0.0058592 0.0038559 0.0048138 0.0058075 0.0048185 0.0028706 0.0119061 0.0058082 0.0048169 0.0068168 0.0048372 0.0038397 0.0038389 0.0038478 0.0038405 0.0058337 0.0048339 0.0219536 0.0290870 0.0068398 0.0057948 0.0048169 0.0057948 0.0048138 0.0121245 0.0160893 0.0068102 0.0068117 0.0129648 0.0129752 0.0067975 0.0245647 0.0274917 0.0220361 0.0068686 0.0415363 0.0381669 0.0409459 0.0264194 0.0225707 0.0313072 0.0068155 0.0068218 0.0087893 0.0217051 0.0088258 0.0058230 0.0078403 0.0256848 0.0243849 0.0470105 0.0498248 0.0385845 0.0412674 0.0420965 0.0474734 0.0442480 0.0440475 0.0411037 0.0455292 0.0399387 0.0454567 0.0374156 
13654_5988_7037_DQ854464_B_NA_NA 0.0418442 0.0418442 0.0430456 0.0494674 0.0456911 0.0491853 0.0491913 0.0444926 0.0442597 0.0446433 0.0442672 0.0467899 0.0444922 0.0444922 0.0470186 0.0442784 0.0000000 0.0149998 0.0458123 0.0482197 0.0339704 0.0493412 0.0377355 0.0383711 0.0453877 0.0450559 0.0479511 0.0486191 0.0482560 0.0483102 0.0445488 0.0424322 0.0418286 0.0445578 0.0500038 0.0444777 0.0443528 0.0471308 0.0493758 0.0468118 0.0481605 0.0400800 0.0420809 0.0469199 0.0496148 0.0457317 0.0493701 0.0441957 0.0493924 0.0428163 0.0506905 0.0405727 0.0430397 0.0249844 0.0433938 0.0454500 0.0443497 0.0457200 0.0480819 0.0469757 0.0468728 0.0444015 0.0442672 0.0430530 0.0442672 0.0455006 0.0491783 0.0418442 0.0491935 0.0443962 0.0427361 0.0468474 0.0467340 0.0466522 0.0443181 0.0470717 0.0444028 0.0454715 0.0468090 0.0455200 0.0430456 0.0469962 0.0467981 0.0455006 0.0481418 0.0456582 0.0442597 0.0428876 0.0443492 0.0442672 0.0469652 0.0441063 0.0396738 0.0485287 0.0442461 0.0466962 0.0455006 0.0466962 0.0454715 0.0441878 0.0516423 0.0480841 0.0456249 0.0479429 0.0479408 0.0454142 0.0315673 0.0382049 0.0380214 0.0459206 0.0283625 0.0227540 0.0371184 0.0383453 0.0381886 0.0485235 0.0456520 0.0430952 0.0478385 0.0523370 0.0456786 0.0432039 0.0468781 0.0435465 0.0377254 0.0481845 0.0468411 0.0456481 0.0448662 0.0432166 0.0474382 0.0470309 0.0475849 0.0424244 0.0496023 0.0432935 0.0467487 0.0444072 
13654_5988_7037_DQ854463_B_NA_NA 0.0406117 0.0406117 0.0418079 0.0481979 0.0444379 0.0479632 0.0479268 0.0432452 0.0430167 0.0433890 0.0430240 0.0455340 0.0432447 0.0432447 0.0444617 0.0430348 0.0149998 0.0000000 0.0445638 0.0431867 0.0303082 0.0455062 0.0401244 0.0370461 0.0455675 0.0412594 0.0418021 0.0473479 0.0469913 0.0470447 0.0433021 0.0411106 0.0417993 0.0420804 0.0474615 0.0368698 0.0418299 0.0445713 0.0481074 0.0455559 0.0468971 0.0387687 0.0395756 0.0443660 0.0431298 0.0431901 0.0481016 0.0404040 0.0468170 0.0403193 0.0456551 0.0407826 0.0418021 0.0216560 0.0408708 0.0442025 0.0431044 0.0431792 0.0468201 0.0457168 0.0394977 0.0431559 0.0430240 0.0418151 0.0430240 0.0442517 0.0479143 0.0406117 0.0479289 0.0431496 0.0391046 0.0455911 0.0454797 0.0468370 0.0444941 0.0458112 0.0431567 0.0442234 0.0455525 0.0442705 0.0418079 0.0457367 0.0455423 0.0442517 0.0468786 0.0444060 0.0430167 0.0417773 0.0431039 0.0430240 0.0457058 0.0428666 0.0395878 0.0448270 0.0430034 0.0454429 0.0442517 0.0454429 0.0442234 0.0418026 0.0490494 0.0468223 0.0443735 0.0453852 0.0479046 0.0441674 0.0279524 0.0333322 0.0344611 0.0446630 0.0260425 0.0205057 0.0381687 0.0370570 0.0345222 0.0459810 0.0443999 0.0418566 0.0480277 0.0472180 0.0468914 0.0419626 0.0456208 0.0435164 0.0328557 0.0431995 0.0468004 0.0407290 0.0436518 0.0372047 0.0460861 0.0432228 0.0475435 0.0386788 0.0457529 0.0384167 0.0478978 0.0371195 
13654_5988_7037_DQ854462_B_NA_NA 0.0175981 0.0175981 0.0186793 0.0231846 0.0209711 0.0242116 0.0241944 0.0198978 0.0197695 0.0210483 0.0197734 0.0220050 0.0198974 0.0198974 0.0209976 0.0197771 0.0458123 0.0445638 0.0000000 0.0220724 0.0235721 0.0240001 0.0166057 0.0191545 0.0220333 0.0231881 0.0208461 0.0257346 0.0255061 0.0255429 0.0243658 0.0255960 0.0300133 0.0228371 0.0277064 0.0386224 0.0172727 0.0152224 0.0242962 0.0198135 0.0231960 0.0222511 0.0109475 0.0231573 0.0172804 0.0140508 0.0242892 0.0242404 0.0221428 0.0165021 0.0284819 0.0242105 0.0175981 0.0408136 0.0210404 0.0208517 0.0198121 0.0119706 0.0231541 0.0210178 0.0275249 0.0187616 0.0197734 0.0208732 0.0197734 0.0208746 0.0241896 0.0175981 0.0241960 0.0198324 0.0164504 0.0231697 0.0219805 0.0231622 0.0210100 0.0221744 0.0198440 0.0208611 0.0220133 0.0208827 0.0186793 0.0266206 0.0220129 0.0208746 0.0231826 0.0209573 0.0197695 0.0185907 0.0198116 0.0197734 0.0221011 0.0186104 0.0243280 0.0324900 0.0186793 0.0219621 0.0208746 0.0219621 0.0208611 0.0208263 0.0219110 0.0231556 0.0231617 0.0186417 0.0230691 0.0208326 0.0212844 0.0263728 0.0230718 0.0210990 0.0396218 0.0383795 0.0326777 0.0266814 0.0190458 0.0196017 0.0231752 0.0209003 0.0242573 0.0206596 0.0254377 0.0187580 0.0198443 0.0243690 0.0223942 0.0457646 0.0485140 0.0360170 0.0451864 0.0435365 0.0453421 0.0446102 0.0439793 0.0439160 0.0445500 0.0436141 0.0433234 0.0350542 
13654_5988_7037_DQ854461_B_NA_NA 0.0078476 0.0078476 0.0088536 0.0140879 0.0109432 0.0139953 0.0139859 0.0099373 0.0098673 0.0109785 0.0098693 0.0119324 0.0099370 0.0099370 0.0109623 0.0098708 0.0482197 0.0431867 0.0220724 0.0000000 0.0293169 0.0262107 0.0197675 0.0213870 0.0119516 0.0232167 0.0207489 0.0130882 0.0161372 0.0129814 0.0252646 0.0324396 0.0325062 0.0278586 0.0305034 0.0357200 0.0218492 0.0241014 0.0118798 0.0098199 0.0108653 0.0231602 0.0196077 0.0108463 0.0240798 0.0228874 0.0140414 0.0161160 0.0185483 0.0130389 0.0300563 0.0312345 0.0088587 0.0423010 0.0142144 0.0129410 0.0098885 0.0217720 0.0129006 0.0109725 0.0335016 0.0110221 0.0098693 0.0108907 0.0098693 0.0108916 0.0139835 0.0078476 0.0139869 0.0098984 0.0141843 0.0174195 0.0119199 0.0129963 0.0109679 0.0120347 0.0099069 0.0108846 0.0119367 0.0108955 0.0088536 0.0160851 0.0098516 0.0108916 0.0130067 0.0109365 0.0098673 0.0098653 0.0078334 0.0098693 0.0078060 0.0109280 0.0242769 0.0338931 0.0108916 0.0119099 0.0108916 0.0119099 0.0108846 0.0164322 0.0182880 0.0108460 0.0108485 0.0151171 0.0172542 0.0108696 0.0269614 0.0298915 0.0243688 0.0109365 0.0441215 0.0383047 0.0435468 0.0288084 0.0249626 0.0314252 0.0108546 0.0088022 0.0140259 0.0240082 0.0129192 0.0119657 0.0077909 0.0292046 0.0267684 0.0471742 0.0499968 0.0387244 0.0414155 0.0422461 0.0501711 0.0444033 0.0442041 0.0412510 0.0456882 0.0425338 0.0481437 0.0375522 
13654_5988_7037_DQ854460_B_NA_NA 0.0245981 0.0245981 0.0257313 0.0317207 0.0281644 0.0315417 0.0315184 0.0270399 0.0268749 0.0271042 0.0268800 0.0292318 0.0270394 0.0270394 0.0281926 0.0268857 0.0339704 0.0303082 0.0235721 0.0293169 0.0000000 0.0340229 0.0146195 0.0148390 0.0292639 0.0224077 0.0231809 0.0297031 0.0316254 0.0294854 0.0197708 0.0283614 0.0280621 0.0293955 0.0293342 0.0267685 0.0234725 0.0188510 0.0304644 0.0269317 0.0304969 0.0178977 0.0190134 0.0281191 0.0234611 0.0223547 0.0316407 0.0268328 0.0281211 0.0221491 0.0306497 0.0246643 0.0257278 0.0342477 0.0247790 0.0280058 0.0269325 0.0223503 0.0304427 0.0293716 0.0316737 0.0269768 0.0268800 0.0257362 0.0268800 0.0280371 0.0315114 0.0245981 0.0315203 0.0269607 0.0210173 0.0281630 0.0291980 0.0304536 0.0282107 0.0294422 0.0269723 0.0280188 0.0292432 0.0280485 0.0257313 0.0293818 0.0292407 0.0280371 0.0304813 0.0281451 0.0268749 0.0257126 0.0269320 0.0268800 0.0281992 0.0267713 0.0186366 0.0319330 0.0268660 0.0291735 0.0280371 0.0291735 0.0280188 0.0280255 0.0302576 0.0304445 0.0281244 0.0268157 0.0314956 0.0279809 0.0038992 0.0132739 0.0176706 0.0283276 0.0339499 0.0329749 0.0294886 0.0235205 0.0133549 0.0248177 0.0270260 0.0257677 0.0315956 0.0307284 0.0304930 0.0258366 0.0269730 0.0199174 0.0232400 0.0429142 0.0452426 0.0403936 0.0458834 0.0429636 0.0419255 0.0454347 0.0461361 0.0420278 0.0441187 0.0417367 0.0398918 0.0367249 
13654_5988_7037_DQ854459_B_NA_NA 0.0238826 0.0238826 0.0249863 0.0285260 0.0273535 0.0306468 0.0283433 0.0262580 0.0261002 0.0263176 0.0261051 0.0283952 0.0262576 0.0262576 0.0273810 0.0261104 0.0493412 0.0455062 0.0240001 0.0262107 0.0340229 0.0000000 0.0301011 0.0294686 0.0284263 0.0323769 0.0285840 0.0322656 0.0330320 0.0320389 0.0358444 0.0241675 0.0321742 0.0252257 0.0396652 0.0380174 0.0215993 0.0306785 0.0307481 0.0261545 0.0296263 0.0313491 0.0237492 0.0295791 0.0282858 0.0270685 0.0307414 0.0283079 0.0285529 0.0249708 0.0343925 0.0297782 0.0261104 0.0497556 0.0297132 0.0272024 0.0261551 0.0248371 0.0295746 0.0274072 0.0331619 0.0250889 0.0261051 0.0272305 0.0261051 0.0272322 0.0306181 0.0238826 0.0306266 0.0261818 0.0262646 0.0318862 0.0283632 0.0295850 0.0273981 0.0285969 0.0261932 0.0272148 0.0284061 0.0272429 0.0249863 0.0331364 0.0284038 0.0272322 0.0296113 0.0273352 0.0261002 0.0260953 0.0261546 0.0261051 0.0285127 0.0248991 0.0357957 0.0335481 0.0249863 0.0283398 0.0272322 0.0283398 0.0272148 0.0297665 0.0260322 0.0295764 0.0295845 0.0227277 0.0294753 0.0271786 0.0316137 0.0318904 0.0359323 0.0275095 0.0415486 0.0456040 0.0447989 0.0262426 0.0284391 0.0253147 0.0296017 0.0272624 0.0306987 0.0295368 0.0319179 0.0261960 0.0261939 0.0386835 0.0288763 0.0492176 0.0481512 0.0358480 0.0459351 0.0418436 0.0471927 0.0439853 0.0487658 0.0432946 0.0440577 0.0470634 0.0427014 0.0408103 
13654_5988_7037_DQ854458_B_NA_NA 0.0132289 0.0132289 0.0142845 0.0198080 0.0165032 0.0196838 0.0196700 0.0154529 0.0153486 0.0165611 0.0153517 0.0175246 0.0154525 0.0154525 0.0176169 0.0153544 0.0377355 0.0401244 0.0166057 0.0197675 0.0146195 0.0301011 0.0000000 0.0090998 0.0186047 0.0130931 0.0211405 0.0176976 0.0197388 0.0187596 0.0120855 0.0270241 0.0318638 0.0268568 0.0245672 0.0308258 0.0164811 0.0120345 0.0197551 0.0153844 0.0186774 0.0109821 0.0100551 0.0186503 0.0164380 0.0121343 0.0197481 0.0175311 0.0222694 0.0165350 0.0290663 0.0246533 0.0165520 0.0364128 0.0177858 0.0164078 0.0153819 0.0121272 0.0186429 0.0188515 0.0327668 0.0166157 0.0153517 0.0142874 0.0153517 0.0164259 0.0196664 0.0132289 0.0196714 0.0153976 0.0177445 0.0198970 0.0175054 0.0197098 0.0175908 0.0176669 0.0154085 0.0164152 0.0175311 0.0164321 0.0142845 0.0198094 0.0175315 0.0164259 0.0186654 0.0164926 0.0153486 0.0153455 0.0153816 0.0153517 0.0176038 0.0164786 0.0153384 0.0307734 0.0165409 0.0174906 0.0164259 0.0174906 0.0164152 0.0200237 0.0219642 0.0186442 0.0164816 0.0186821 0.0209001 0.0163925 0.0124399 0.0220928 0.0177751 0.0166084 0.0362290 0.0325225 0.0308618 0.0258239 0.0102901 0.0234386 0.0164911 0.0143082 0.0207877 0.0186031 0.0186750 0.0143462 0.0154086 0.0164566 0.0213305 0.0466775 0.0495252 0.0356031 0.0445850 0.0404610 0.0470357 0.0426320 0.0424102 0.0406885 0.0425612 0.0432180 0.0424769 0.0357422 
13654_6008_7037_DQ854457_B_NA_NA 0.0179479 0.0179479 0.0190540 0.0248710 0.0214016 0.0247197 0.0247018 0.0203029 0.0201697 0.0203409 0.0201738 0.0224594 0.0203025 0.0203025 0.0203015 0.0190653 0.0383711 0.0370461 0.0191545 0.0213870 0.0148390 0.0294686 0.0090998 0.0000000 0.0224886 0.0090956 0.0226555 0.0226741 0.0247884 0.0237800 0.0155703 0.0263828 0.0287543 0.0237632 0.0237638 0.0263530 0.0113045 0.0111984 0.0248077 0.0202154 0.0236806 0.0101553 0.0112985 0.0213677 0.0167423 0.0070975 0.0248005 0.0202038 0.0214589 0.0167591 0.0295805 0.0263594 0.0190519 0.0333282 0.0147379 0.0212773 0.0202140 0.0145038 0.0236369 0.0225770 0.0322211 0.0202527 0.0201738 0.0190578 0.0201738 0.0213013 0.0246967 0.0179479 0.0247034 0.0202352 0.0179890 0.0225038 0.0224338 0.0236453 0.0214419 0.0226351 0.0202471 0.0212872 0.0224680 0.0213097 0.0190540 0.0248749 0.0224675 0.0213013 0.0225283 0.0213872 0.0201697 0.0201657 0.0202136 0.0201738 0.0225593 0.0200883 0.0123146 0.0326057 0.0201634 0.0224146 0.0213013 0.0224146 0.0212872 0.0214630 0.0234852 0.0236385 0.0213719 0.0201226 0.0235317 0.0212575 0.0126234 0.0212624 0.0158058 0.0215345 0.0355686 0.0294473 0.0339201 0.0227218 0.0104793 0.0226735 0.0213846 0.0190839 0.0247670 0.0213153 0.0236775 0.0191358 0.0202475 0.0134222 0.0229034 0.0475667 0.0503531 0.0400547 0.0440318 0.0423492 0.0465078 0.0434302 0.0457831 0.0400809 0.0459916 0.0426455 0.0418799 0.0387772 
13654_5988_7037_DQ854456_B_NA_NA 0.0048218 0.0048218 0.0058032 0.0108895 0.0078263 0.0108156 0.0108085 0.0068411 0.0067915 0.0078504 0.0067929 0.0088009 0.0068409 0.0068409 0.0088680 0.0067939 0.0453877 0.0455675 0.0220333 0.0119516 0.0292639 0.0284263 0.0186047 0.0224886 0.0000000 0.0231754 0.0207124 0.0120468 0.0128984 0.0119475 0.0240604 0.0323815 0.0324479 0.0278088 0.0304484 0.0356546 0.0218108 0.0240589 0.0108571 0.0088405 0.0098481 0.0231191 0.0195733 0.0108703 0.0262802 0.0228472 0.0108515 0.0150073 0.0185158 0.0130164 0.0323293 0.0286828 0.0078513 0.0446827 0.0141896 0.0097905 0.0068061 0.0217338 0.0118722 0.0099463 0.0358022 0.0078849 0.0067929 0.0077886 0.0067929 0.0077892 0.0108068 0.0048218 0.0108093 0.0068128 0.0141596 0.0172774 0.0067929 0.0067795 0.0048291 0.0088790 0.0068194 0.0077843 0.0088039 0.0077920 0.0058032 0.0150337 0.0088048 0.0077892 0.0098405 0.0078217 0.0067915 0.0067901 0.0068059 0.0048198 0.0088425 0.0078159 0.0242339 0.0326013 0.0098722 0.0087844 0.0077892 0.0087844 0.0077843 0.0153035 0.0182563 0.0098305 0.0098328 0.0150909 0.0161311 0.0077990 0.0269128 0.0298383 0.0243255 0.0099131 0.0440420 0.0406430 0.0434677 0.0287571 0.0249172 0.0337175 0.0098383 0.0098474 0.0077661 0.0239660 0.0118894 0.0068201 0.0108923 0.0280396 0.0267203 0.0495967 0.0524481 0.0410829 0.0438014 0.0446264 0.0500790 0.0467950 0.0466222 0.0436300 0.0480905 0.0424564 0.0480550 0.0399005 
13654_5988_7037_DQ854455_B_NA_NA 0.0187022 0.0187022 0.0197917 0.0255222 0.0221067 0.0253709 0.0253528 0.0210251 0.0208907 0.0221892 0.0208948 0.0231464 0.0210247 0.0210247 0.0210237 0.0208988 0.0450559 0.0412594 0.0231881 0.0232167 0.0224077 0.0323769 0.0130931 0.0090956 0.0231754 0.0000000 0.0143585 0.0233620 0.0254398 0.0244495 0.0174827 0.0281142 0.0305095 0.0187063 0.0165284 0.0223749 0.0153280 0.0152058 0.0254590 0.0209368 0.0243501 0.0163190 0.0153345 0.0198531 0.0219223 0.0132058 0.0254520 0.0209253 0.0222272 0.0208710 0.0254728 0.0280902 0.0197895 0.0399511 0.0188458 0.0219810 0.0209356 0.0185522 0.0243061 0.0232642 0.0315163 0.0209744 0.0208948 0.0197956 0.0208948 0.0220053 0.0253476 0.0187022 0.0253544 0.0209572 0.0199059 0.0254393 0.0231205 0.0243146 0.0221469 0.0233227 0.0209689 0.0219910 0.0231552 0.0220138 0.0197917 0.0232645 0.0231545 0.0220053 0.0243362 0.0220921 0.0208907 0.0208866 0.0209352 0.0208948 0.0232469 0.0208083 0.0120904 0.0295368 0.0186843 0.0231010 0.0220053 0.0231010 0.0219910 0.0210977 0.0196530 0.0243077 0.0198570 0.0164210 0.0207932 0.0219610 0.0201306 0.0254129 0.0165846 0.0222405 0.0348407 0.0359916 0.0355581 0.0245385 0.0156963 0.0327221 0.0220894 0.0198219 0.0254180 0.0152809 0.0221009 0.0209711 0.0209693 0.0175010 0.0247724 0.0451706 0.0518210 0.0367228 0.0455935 0.0440702 0.0455198 0.0411711 0.0434142 0.0443110 0.0449485 0.0443707 0.0460011 0.0405430 
13654_5988_7037_DQ854454_B_NA_NA 0.0163399 0.0163399 0.0174064 0.0230024 0.0196617 0.0228638 0.0228477 0.0186024 0.0184817 0.0197326 0.0184853 0.0206851 0.0186020 0.0186020 0.0196875 0.0184887 0.0479511 0.0418021 0.0208461 0.0207489 0.0231809 0.0285840 0.0211405 0.0226555 0.0207124 0.0143585 0.0000000 0.0243533 0.0251511 0.0241709 0.0207934 0.0313674 0.0323171 0.0207219 0.0210386 0.0245945 0.0208231 0.0253883 0.0229440 0.0185231 0.0218574 0.0245893 0.0185900 0.0196264 0.0252858 0.0218603 0.0229370 0.0206869 0.0164633 0.0173955 0.0287921 0.0265321 0.0184887 0.0433508 0.0219255 0.0195500 0.0185213 0.0196647 0.0218179 0.0197063 0.0322064 0.0174835 0.0184853 0.0195700 0.0184853 0.0195714 0.0228433 0.0163399 0.0228492 0.0185401 0.0141847 0.0240460 0.0206624 0.0218255 0.0196989 0.0208458 0.0185515 0.0195588 0.0206928 0.0195788 0.0174064 0.0229993 0.0206927 0.0195714 0.0218445 0.0196489 0.0184817 0.0173947 0.0185209 0.0184853 0.0207758 0.0173420 0.0185147 0.0302487 0.0152659 0.0206451 0.0195714 0.0206451 0.0195588 0.0207325 0.0162261 0.0218194 0.0196303 0.0130788 0.0173291 0.0195321 0.0209233 0.0287245 0.0162947 0.0197823 0.0355787 0.0420409 0.0371478 0.0277527 0.0189463 0.0313166 0.0218376 0.0195958 0.0229075 0.0152978 0.0218490 0.0185534 0.0185517 0.0244001 0.0230883 0.0457472 0.0510090 0.0385113 0.0489850 0.0474434 0.0490289 0.0457615 0.0464439 0.0490256 0.0458359 0.0462119 0.0495328 0.0399621 
13654_5988_7037_DQ854453_B_NA_NA 0.0069176 0.0069176 0.0079271 0.0131687 0.0100182 0.0130806 0.0130718 0.0090084 0.0089437 0.0100504 0.0089456 0.0110128 0.0090082 0.0090082 0.0121160 0.0089469 0.0486191 0.0473479 0.0257346 0.0130882 0.0297031 0.0322656 0.0176976 0.0226741 0.0120468 0.0233620 0.0243533 0.0000000 0.0131180 0.0079475 0.0244314 0.0339828 0.0340517 0.0293439 0.0320331 0.0373342 0.0232346 0.0255197 0.0109635 0.0109821 0.0099460 0.0233049 0.0209575 0.0099311 0.0277757 0.0242848 0.0131241 0.0152575 0.0220911 0.0164034 0.0339293 0.0315347 0.0079315 0.0464574 0.0154774 0.0120253 0.0089632 0.0231524 0.0119871 0.0100458 0.0374505 0.0100920 0.0089456 0.0079287 0.0089456 0.0099704 0.0130696 0.0069176 0.0119994 0.0089722 0.0176016 0.0175559 0.0110011 0.0130983 0.0110569 0.0111090 0.0089803 0.0099640 0.0110167 0.0099740 0.0079271 0.0130744 0.0110176 0.0099704 0.0120870 0.0100121 0.0089437 0.0089419 0.0089630 0.0089456 0.0089316 0.0100043 0.0257044 0.0330733 0.0099704 0.0109918 0.0099704 0.0109918 0.0099640 0.0177320 0.0217902 0.0099281 0.0078969 0.0185368 0.0185521 0.0120534 0.0284487 0.0313945 0.0258026 0.0100121 0.0457952 0.0423561 0.0452289 0.0302997 0.0264365 0.0353426 0.0058887 0.0079087 0.0141342 0.0254221 0.0099447 0.0110441 0.0109994 0.0282580 0.0282467 0.0514367 0.0543292 0.0428140 0.0455727 0.0463997 0.0519351 0.0485923 0.0484378 0.0453951 0.0499049 0.0442088 0.0498951 0.0416152 
