126
822_7023_7637_AF138263_B_NA_NA 0.0000000 0.0226662 0.0226457 0.0245778 0.0267460 0.0190293 0.0245822 0.0229439 0.0189968 0.0189945 0.0210799 0.0302729 0.0348917 0.0304135 0.0264280 0.0341947 0.0208033 0.0309208 0.0341947 0.0208071 0.0250870 0.0267219 0.0208258 0.0383947 0.0320543 0.0341302 0.0325165 0.0341178 0.0189995 0.0283952 0.0306534 0.0226987 0.0344070 0.0265691 0.0424261 0.0423502 0.0327480 0.0302047 0.0365071 0.0365071 0.0404489 0.0264738 0.0457239 0.0264738 0.0394041 0.0407174 0.0401080 0.0402412 0.0572421 0.0556583 0.0635410 0.0572319 0.0549334 0.0479795 0.0653626 0.0507762 0.0465772 0.0523075 0.0541725 0.0682631 0.0469199 0.0615109 0.0771112 0.0598653 0.0437149 0.0642130 0.0647209 0.0545132 0.0698619 0.0649739 0.0574039 0.0596717 0.0693696 0.0718991 0.0625768 0.0681277 0.0673114 0.0622184 0.0591253 0.0532210 0.0599120 0.0621381 0.0621381 0.0575467 0.0599120 0.0650680 0.0575274 0.0575274 0.0532210 0.0576411 0.0575467 0.0553843 0.0579126 0.0599120 0.0621381 0.0582076 0.0600651 0.0226569 0.0264783 0.0314573 0.0208293 0.0153907 0.0136423 0.0153518 0.0118518 0.0208455 0.0208493 0.0246412 0.0346089 0.0283417 0.0264457 0.0429147 0.0327657 0.0330719 0.0422559 0.0407061 0.0265727 0.0365736 0.0402477 0.0553656 0.0619238 0.0553656 0.0553843 0.0553656 0.0553843 0.0597857 
822_7023_7637_AF138262_B_NA_NA 0.0226662 0.0000000 0.0207882 0.0226949 0.0210653 0.0208563 0.0226993 0.0210626 0.0171750 0.0171730 0.0155659 0.0245403 0.0328863 0.0246753 0.0245433 0.0322285 0.0189767 0.0212625 0.0322285 0.0189797 0.0175396 0.0248145 0.0153949 0.0363726 0.0301209 0.0321690 0.0267066 0.0321573 0.0171883 0.0264862 0.0287044 0.0208497 0.0324261 0.0246726 0.0403665 0.0362813 0.0307697 0.0282849 0.0344981 0.0344981 0.0344096 0.0245849 0.0414975 0.0245849 0.0352974 0.0386641 0.0380865 0.0342449 0.0507468 0.0491598 0.0635195 0.0507370 0.0505032 0.0479743 0.0653384 0.0444596 0.0403725 0.0522984 0.0498064 0.0635939 0.0406820 0.0592583 0.0770704 0.0620481 0.0436703 0.0574849 0.0579467 0.0545019 0.0698317 0.0626380 0.0619505 0.0596546 0.0669934 0.0694894 0.0602817 0.0658118 0.0649504 0.0599298 0.0569058 0.0510363 0.0576525 0.0598557 0.0598557 0.0553181 0.0576525 0.0627393 0.0552994 0.0552994 0.0510363 0.0554080 0.0553181 0.0531774 0.0556645 0.0576525 0.0598557 0.0559547 0.0577990 0.0171572 0.0245748 0.0237266 0.0153790 0.0066698 0.0154206 0.0207618 0.0101037 0.0153909 0.0153867 0.0190538 0.0326205 0.0264372 0.0245595 0.0327489 0.0307820 0.0330760 0.0402066 0.0386538 0.0246754 0.0345671 0.0382166 0.0531593 0.0596510 0.0531593 0.0531774 0.0531593 0.0531774 0.0531774 
822_7023_7637_AF138261_B_NA_NA 0.0226457 0.0207882 0.0000000 0.0226744 0.0286122 0.0245433 0.0226788 0.0173719 0.0135977 0.0207988 0.0191879 0.0283057 0.0368536 0.0284506 0.0282917 0.0361203 0.0189598 0.0289054 0.0361203 0.0189627 0.0250309 0.0286077 0.0226455 0.0363384 0.0300933 0.0321393 0.0305267 0.0321276 0.0208044 0.0302786 0.0325708 0.0283064 0.0403704 0.0284442 0.0444195 0.0443396 0.0346891 0.0359997 0.0384687 0.0384687 0.0383684 0.0283417 0.0435354 0.0283417 0.0372875 0.0386049 0.0380509 0.0381762 0.0549766 0.0533946 0.0657282 0.0549665 0.0526234 0.0500685 0.0675929 0.0485837 0.0444302 0.0544243 0.0518972 0.0658035 0.0447613 0.0592003 0.0745104 0.0619865 0.0436277 0.0618533 0.0623443 0.0522190 0.0673461 0.0625751 0.0595688 0.0572917 0.0669257 0.0694187 0.0557978 0.0657468 0.0648849 0.0598703 0.0568505 0.0509867 0.0575956 0.0597964 0.0597964 0.0509546 0.0575956 0.0626765 0.0552452 0.0552452 0.0509867 0.0553536 0.0552639 0.0531255 0.0556095 0.0575956 0.0597964 0.0558994 0.0577419 0.0171529 0.0208322 0.0356225 0.0226344 0.0135941 0.0190108 0.0207432 0.0135977 0.0226520 0.0226567 0.0190488 0.0365548 0.0302207 0.0283108 0.0367065 0.0347125 0.0310418 0.0401687 0.0426972 0.0246528 0.0385319 0.0381807 0.0531074 0.0595922 0.0531074 0.0531255 0.0531074 0.0531255 0.0574759 
822_7023_7637_AF138260_B_NA_NA 0.0245778 0.0226949 0.0226744 0.0000000 0.0267803 0.0190536 0.0172367 0.0267592 0.0190209 0.0264502 0.0174123 0.0227260 0.0431299 0.0304708 0.0227147 0.0303399 0.0245494 0.0349458 0.0303399 0.0245551 0.0309367 0.0345747 0.0245775 0.0384659 0.0360221 0.0341733 0.0325776 0.0341609 0.0264580 0.0284487 0.0307114 0.0264920 0.0384734 0.0228331 0.0384117 0.0424037 0.0328099 0.0341452 0.0325749 0.0325749 0.0405236 0.0265238 0.0458090 0.0265238 0.0394787 0.0407927 0.0401585 0.0362798 0.0573429 0.0557575 0.0683060 0.0573327 0.0550338 0.0524376 0.0654470 0.0508672 0.0466617 0.0568505 0.0542707 0.0636966 0.0470053 0.0615872 0.0772095 0.0599404 0.0502079 0.0598108 0.0602896 0.0590946 0.0699518 0.0650559 0.0620499 0.0597488 0.0694565 0.0719891 0.0626555 0.0682114 0.0673961 0.0668786 0.0591985 0.0532882 0.0599872 0.0622160 0.0622160 0.0576190 0.0599872 0.0651498 0.0575996 0.0575996 0.0532882 0.0577135 0.0576190 0.0554540 0.0579858 0.0599872 0.0622160 0.0582812 0.0601407 0.0264262 0.0190608 0.0296694 0.0172036 0.0154103 0.0136597 0.0263793 0.0190209 0.0101206 0.0172192 0.0284723 0.0346738 0.0283950 0.0264956 0.0388547 0.0328278 0.0331350 0.0423091 0.0407814 0.0304677 0.0366418 0.0402986 0.0554352 0.0620011 0.0554352 0.0554540 0.0554352 0.0554540 0.0598606 
822_7023_7637_AF138259_B_NA_NA 0.0267460 0.0210653 0.0286122 0.0267803 0.0000000 0.0248854 0.0156219 0.0289889 0.0248245 0.0248214 0.0194593 0.0286805 0.0456905 0.0367619 0.0325746 0.0406627 0.0305608 0.0332809 0.0406627 0.0305705 0.0292748 0.0369587 0.0267456 0.0368417 0.0424503 0.0446864 0.0389569 0.0446707 0.0210954 0.0268306 0.0370418 0.0174367 0.0328465 0.0327567 0.0492464 0.0408098 0.0392477 0.0286503 0.0431328 0.0431328 0.0388988 0.0249053 0.0441472 0.0249053 0.0378157 0.0391629 0.0426444 0.0387007 0.0557197 0.0541231 0.0666303 0.0557095 0.0578686 0.0507691 0.0733648 0.0492456 0.0450392 0.0551814 0.0570599 0.0714410 0.0496226 0.0690280 0.0855405 0.0673925 0.0529336 0.0672477 0.0677789 0.0619881 0.0780366 0.0727788 0.0697878 0.0674245 0.0773114 0.0799539 0.0702385 0.0758615 0.0752014 0.0698604 0.0665267 0.0604981 0.0674527 0.0697585 0.0697585 0.0649796 0.0674527 0.0702306 0.0649584 0.0649584 0.0604981 0.0650892 0.0649796 0.0627402 0.0654135 0.0674527 0.0697585 0.0657219 0.0676284 0.0247986 0.0287210 0.0279979 0.0192249 0.0137768 0.0192777 0.0285752 0.0173894 0.0192400 0.0192431 0.0268355 0.0330446 0.0267803 0.0248792 0.0413342 0.0311861 0.0314818 0.0448428 0.0391523 0.0367542 0.0350148 0.0427977 0.0627195 0.0695108 0.0627195 0.0627402 0.0627195 0.0627402 0.0673043 
822_7023_7637_AF138258_B_NA_NA 0.0190293 0.0208563 0.0245433 0.0190536 0.0248854 0.0000000 0.0190578 0.0248660 0.0208563 0.0208538 0.0156021 0.0171838 0.0328539 0.0246538 0.0208607 0.0245531 0.0226809 0.0250459 0.0245531 0.0189647 0.0250476 0.0247927 0.0153833 0.0323855 0.0263036 0.0244965 0.0266826 0.0244874 0.0208594 0.0227163 0.0248561 0.0208861 0.0246962 0.0209681 0.0323446 0.0322896 0.0268650 0.0283376 0.0266636 0.0266636 0.0343755 0.0208541 0.0393539 0.0208541 0.0332234 0.0346159 0.0340801 0.0303022 0.0506873 0.0491025 0.0611197 0.0506775 0.0482428 0.0457502 0.0582441 0.0444104 0.0403297 0.0500262 0.0475795 0.0566559 0.0422960 0.0548135 0.0696374 0.0531567 0.0436213 0.0530416 0.0534718 0.0522072 0.0626034 0.0580355 0.0550128 0.0527688 0.0623176 0.0647519 0.0557546 0.0612503 0.0650785 0.0598532 0.0525226 0.0467172 0.0531931 0.0553536 0.0553536 0.0509166 0.0531931 0.0581494 0.0508991 0.0508991 0.0467172 0.0509981 0.0509166 0.0488166 0.0512258 0.0531931 0.0553536 0.0515058 0.0533270 0.0245555 0.0136271 0.0276978 0.0154144 0.0136370 0.0049955 0.0207979 0.0136318 0.0154263 0.0154280 0.0265724 0.0286960 0.0226758 0.0208339 0.0367253 0.0268683 0.0311320 0.0361465 0.0346076 0.0246539 0.0306081 0.0341919 0.0487997 0.0551675 0.0487997 0.0488166 0.0487997 0.0488166 0.0530852 
822_7023_7637_AF138257_B_NA_NA 0.0245822 0.0226993 0.0226788 0.0172367 0.0156219 0.0190578 0.0000000 0.0267636 0.0190251 0.0264545 0.0174164 0.0227304 0.0431319 0.0304749 0.0190407 0.0303440 0.0245538 0.0349494 0.0303440 0.0245595 0.0309409 0.0345784 0.0245819 0.0305373 0.0360255 0.0341770 0.0325815 0.0341646 0.0190400 0.0209332 0.0307155 0.0154498 0.0305469 0.0228375 0.0384147 0.0343615 0.0328138 0.0264516 0.0325788 0.0325788 0.0325155 0.0190830 0.0374247 0.0190830 0.0313267 0.0327475 0.0322391 0.0284755 0.0487508 0.0471585 0.0590824 0.0487412 0.0506042 0.0437825 0.0607732 0.0425032 0.0384411 0.0480389 0.0499047 0.0591236 0.0428363 0.0571841 0.0723235 0.0555269 0.0459015 0.0554064 0.0558548 0.0546111 0.0651936 0.0604993 0.0574756 0.0552061 0.0648330 0.0673075 0.0581718 0.0637015 0.0627967 0.0623232 0.0548542 0.0489987 0.0555669 0.0577562 0.0577562 0.0532533 0.0555669 0.0606070 0.0532351 0.0532351 0.0489987 0.0533395 0.0532533 0.0511259 0.0535830 0.0555669 0.0577562 0.0538694 0.0557079 0.0264306 0.0190650 0.0257291 0.0172077 0.0154142 0.0136633 0.0263836 0.0190251 0.0172210 0.0172233 0.0284765 0.0268620 0.0208965 0.0190650 0.0348182 0.0250336 0.0252733 0.0342894 0.0327400 0.0304718 0.0287653 0.0323432 0.0511083 0.0575597 0.0511083 0.0511259 0.0511083 0.0511259 0.0554523 
822_7023_7637_AF138256_B_NA_NA 0.0229439 0.0210626 0.0173719 0.0267592 0.0289889 0.0248660 0.0267636 0.0000000 0.0173875 0.0210734 0.0194443 0.0325646 0.0373370 0.0288066 0.0325484 0.0406288 0.0229179 0.0253644 0.0406288 0.0229228 0.0234430 0.0289850 0.0229437 0.0408857 0.0304653 0.0365157 0.0348904 0.0365025 0.0210792 0.0346086 0.0370111 0.0286760 0.0408921 0.0327301 0.0492037 0.0449073 0.0392147 0.0364633 0.0430961 0.0430961 0.0429807 0.0326094 0.0484159 0.0326094 0.0419750 0.0474668 0.0426086 0.0427522 0.0600749 0.0584835 0.0712934 0.0600645 0.0578150 0.0551674 0.0732921 0.0534942 0.0492211 0.0596528 0.0570077 0.0713716 0.0495793 0.0644131 0.0804140 0.0673293 0.0463500 0.0671847 0.0677151 0.0573738 0.0730449 0.0679979 0.0649894 0.0626576 0.0724602 0.0750409 0.0655384 0.0711347 0.0703757 0.0651707 0.0619752 0.0560014 0.0628176 0.0650819 0.0650819 0.0604027 0.0628176 0.0680823 0.0603826 0.0603826 0.0560014 0.0605032 0.0604027 0.0582029 0.0607957 0.0628176 0.0650819 0.0610974 0.0629798 0.0137739 0.0286982 0.0360977 0.0229322 0.0137756 0.0192629 0.0173496 0.0137793 0.0229503 0.0229552 0.0193022 0.0411166 0.0345391 0.0325711 0.0412991 0.0392536 0.0396170 0.0448047 0.0474515 0.0288223 0.0431502 0.0427616 0.0581834 0.0648541 0.0581834 0.0582029 0.0581834 0.0582029 0.0626825 
822_7023_7637_AF138255_B_NA_NA 0.0189968 0.0171750 0.0135977 0.0190209 0.0248245 0.0208563 0.0190251 0.0173875 0.0000000 0.0136082 0.0192175 0.0208479 0.0289557 0.0284768 0.0245433 0.0322285 0.0153796 0.0212762 0.0322285 0.0153812 0.0175511 0.0210650 0.0189967 0.0324169 0.0263268 0.0245481 0.0267066 0.0245389 0.0171883 0.0264862 0.0287044 0.0245568 0.0363808 0.0246726 0.0363446 0.0402949 0.0307697 0.0321240 0.0305647 0.0305647 0.0344096 0.0245849 0.0393962 0.0245849 0.0332567 0.0386641 0.0341337 0.0342449 0.0507468 0.0491598 0.0612000 0.0507370 0.0482999 0.0458029 0.0629666 0.0444596 0.0403725 0.0500862 0.0476349 0.0567278 0.0406820 0.0549085 0.0697698 0.0576095 0.0394902 0.0574849 0.0579467 0.0479234 0.0627200 0.0581393 0.0551118 0.0528632 0.0624304 0.0648703 0.0558529 0.0613586 0.0604103 0.0555136 0.0526126 0.0467963 0.0532857 0.0554508 0.0554508 0.0510042 0.0532857 0.0582532 0.0509867 0.0509867 0.0467963 0.0510860 0.0510042 0.0488999 0.0513147 0.0532857 0.0510968 0.0515953 0.0534201 0.0171682 0.0208642 0.0276271 0.0189884 0.0101076 0.0154206 0.0171380 0.0101103 0.0190031 0.0190061 0.0190659 0.0326205 0.0264372 0.0245595 0.0327489 0.0307820 0.0310711 0.0362041 0.0386538 0.0209459 0.0345671 0.0342459 0.0488830 0.0552639 0.0488830 0.0488999 0.0488830 0.0488999 0.0531774 
822_7023_7637_AF138254_B_NA_NA 0.0189945 0.0171730 0.0207988 0.0264502 0.0248214 0.0208538 0.0264545 0.0210734 0.0136082 0.0000000 0.0192152 0.0283280 0.0328819 0.0323455 0.0283140 0.0361491 0.0189745 0.0250650 0.0361491 0.0189775 0.0212647 0.0248113 0.0189945 0.0363677 0.0301171 0.0321648 0.0305511 0.0321531 0.0171863 0.0303026 0.0325969 0.0245538 0.0363758 0.0284668 0.0444555 0.0402893 0.0347171 0.0321198 0.0384999 0.0384999 0.0383994 0.0283641 0.0435715 0.0283641 0.0373183 0.0386587 0.0380813 0.0382068 0.0550217 0.0534386 0.0657842 0.0550116 0.0526678 0.0501106 0.0676515 0.0486233 0.0444663 0.0544702 0.0519406 0.0658596 0.0447978 0.0592490 0.0745753 0.0620381 0.0436640 0.0619047 0.0623963 0.0522628 0.0674044 0.0626278 0.0596197 0.0573406 0.0669822 0.0694776 0.0602721 0.0658011 0.0649396 0.0599202 0.0568970 0.0510286 0.0576434 0.0598462 0.0598462 0.0553095 0.0576434 0.0627291 0.0552908 0.0552908 0.0510286 0.0553994 0.0553095 0.0531693 0.0556558 0.0576434 0.0598462 0.0559460 0.0577899 0.0171662 0.0283677 0.0276235 0.0189861 0.0101065 0.0154188 0.0171360 0.0066709 0.0190009 0.0190039 0.0190637 0.0365843 0.0302446 0.0283331 0.0408252 0.0347406 0.0350632 0.0402010 0.0427319 0.0246723 0.0385630 0.0382113 0.0531512 0.0596416 0.0531512 0.0531693 0.0531512 0.0531693 0.0575235 
822_7023_7637_AF138253_B_NA_NA 0.0210799 0.0155659 0.0191879 0.0174123 0.0194593 0.0156021 0.0174164 0.0194443 0.0192175 0.0192152 0.0000000 0.0192307 0.0393875 0.0307744 0.0229463 0.0306410 0.0247976 0.0273098 0.0306410 0.0248035 0.0215225 0.0309441 0.0210798 0.0388387 0.0324092 0.0345067 0.0329002 0.0344941 0.0229443 0.0287333 0.0310187 0.0229739 0.0348104 0.0230671 0.0387832 0.0387143 0.0331370 0.0305606 0.0328986 0.0328986 0.0409134 0.0267910 0.0438798 0.0267910 0.0398689 0.0387400 0.0405415 0.0366321 0.0554247 0.0538300 0.0663028 0.0554145 0.0530615 0.0504793 0.0634218 0.0489684 0.0470997 0.0548794 0.0523230 0.0617059 0.0451106 0.0596605 0.0751554 0.0580006 0.0485099 0.0578743 0.0583422 0.0571193 0.0679138 0.0630794 0.0600500 0.0577506 0.0674738 0.0699946 0.0606988 0.0662718 0.0654132 0.0649122 0.0572857 0.0513698 0.0580445 0.0602674 0.0602674 0.0556885 0.0580445 0.0631801 0.0556696 0.0556696 0.0513698 0.0557798 0.0556885 0.0535293 0.0560406 0.0580445 0.0602674 0.0563337 0.0581933 0.0191974 0.0155979 0.0220655 0.0102278 0.0084833 0.0102555 0.0228758 0.0119929 0.0102357 0.0102361 0.0211457 0.0350154 0.0286785 0.0267622 0.0392334 0.0331560 0.0334682 0.0427105 0.0411743 0.0307712 0.0369998 0.0406843 0.0535109 0.0600595 0.0535109 0.0535293 0.0535109 0.0535293 0.0579227 
822_7023_7637_AF138252_B_NA_NA 0.0302729 0.0245403 0.0283057 0.0227260 0.0286805 0.0171838 0.0227304 0.0325646 0.0208479 0.0283280 0.0192307 0.0000000 0.0409242 0.0323239 0.0283585 0.0283361 0.0302350 0.0250195 0.0283361 0.0263612 0.0250213 0.0324988 0.0263852 0.0403641 0.0378838 0.0282689 0.0344448 0.0282585 0.0322026 0.0302835 0.0325750 0.0322442 0.0363278 0.0285118 0.0362917 0.0443126 0.0346924 0.0400999 0.0305225 0.0305225 0.0424325 0.0283472 0.0477856 0.0283472 0.0414271 0.0427084 0.0420467 0.0381558 0.0593155 0.0577386 0.0657040 0.0593053 0.0526139 0.0544486 0.0675328 0.0528161 0.0444278 0.0544131 0.0518886 0.0657470 0.0506145 0.0635708 0.0793288 0.0619366 0.0521997 0.0618037 0.0622937 0.0611268 0.0720528 0.0670925 0.0641087 0.0618049 0.0715010 0.0740467 0.0646703 0.0702111 0.0744299 0.0689055 0.0611666 0.0552588 0.0619865 0.0642224 0.0642224 0.0596045 0.0619865 0.0671792 0.0595847 0.0595847 0.0552588 0.0597025 0.0596045 0.0574324 0.0599868 0.0619865 0.0642224 0.0602843 0.0621449 0.0283025 0.0171903 0.0316450 0.0190012 0.0171926 0.0154301 0.0321061 0.0208347 0.0190160 0.0190190 0.0303774 0.0365572 0.0302256 0.0283162 0.0407685 0.0347158 0.0392265 0.0442128 0.0426960 0.0323197 0.0385333 0.0421954 0.0574132 0.0640003 0.0574132 0.0574324 0.0574132 0.0574324 0.0618550 
822_7023_7637_AF138251_B_NA_NA 0.0348917 0.0328863 0.0368536 0.0431299 0.0456905 0.0328539 0.0431319 0.0373370 0.0289557 0.0328819 0.0393875 0.0409242 0.0000000 0.0343291 0.0226921 0.0442605 0.0227309 0.0286901 0.0442605 0.0190082 0.0231942 0.0101046 0.0245807 0.0445137 0.0263457 0.0189777 0.0323513 0.0189705 0.0246227 0.0342496 0.0384147 0.0342735 0.0364347 0.0362353 0.0422155 0.0402857 0.0365732 0.0263982 0.0383377 0.0383377 0.0425305 0.0322240 0.0457712 0.0322240 0.0394586 0.0469680 0.0381166 0.0402591 0.0550868 0.0535043 0.0658179 0.0550767 0.0527205 0.0545564 0.0724489 0.0486880 0.0445297 0.0545208 0.0498261 0.0635892 0.0444003 0.0591837 0.0745903 0.0597926 0.0459992 0.0595836 0.0600576 0.0501315 0.0674355 0.0626039 0.0573974 0.0550337 0.0669457 0.0694332 0.0602546 0.0657688 0.0697878 0.0599036 0.0568879 0.0510319 0.0576325 0.0598298 0.0598298 0.0553040 0.0576325 0.0627050 0.0552853 0.0552853 0.0510319 0.0553937 0.0553040 0.0531683 0.0556494 0.0576325 0.0598298 0.0559389 0.0577786 0.0368721 0.0409576 0.0469896 0.0389265 0.0289486 0.0309691 0.0327924 0.0250801 0.0389582 0.0389752 0.0391294 0.0386374 0.0341816 0.0343613 0.0450307 0.0367907 0.0393080 0.0422712 0.0469243 0.0245871 0.0406326 0.0381865 0.0531502 0.0596258 0.0531502 0.0531683 0.0531502 0.0531683 0.0575129 
822_7023_7637_AF138250_B_NA_NA 0.0304135 0.0246753 0.0284506 0.0304708 0.0367619 0.0246538 0.0304749 0.0288066 0.0284768 0.0323455 0.0307744 0.0323239 0.0343291 0.0000000 0.0205567 0.0356530 0.0241937 0.0301565 0.0356530 0.0204904 0.0323777 0.0262972 0.0223445 0.0378033 0.0296429 0.0278724 0.0261419 0.0278623 0.0260758 0.0261123 0.0300342 0.0279968 0.0278474 0.0281464 0.0398085 0.0396760 0.0303332 0.0279107 0.0340139 0.0340139 0.0339278 0.0205375 0.0365841 0.0205375 0.0306297 0.0341637 0.0355641 0.0376840 0.0500571 0.0484850 0.0577111 0.0500475 0.0451963 0.0469693 0.0639194 0.0438491 0.0398139 0.0469402 0.0445864 0.0577808 0.0397049 0.0540298 0.0706260 0.0545952 0.0410954 0.0522771 0.0526973 0.0490609 0.0636769 0.0594728 0.0561643 0.0561792 0.0637357 0.0661649 0.0571911 0.0626445 0.0664970 0.0568516 0.0539453 0.0481768 0.0546333 0.0567861 0.0567861 0.0523609 0.0546333 0.0595820 0.0523431 0.0523431 0.0481768 0.0524443 0.0523609 0.0502687 0.0526789 0.0546333 0.0567861 0.0529596 0.0547700 0.0323358 0.0284786 0.0377989 0.0304126 0.0246692 0.0228417 0.0322586 0.0246600 0.0304368 0.0304233 0.0344913 0.0321613 0.0260647 0.0261896 0.0402618 0.0206666 0.0305409 0.0436762 0.0401173 0.0243191 0.0340827 0.0376059 0.0502515 0.0565960 0.0502515 0.0502687 0.0502515 0.0502687 0.0502687 
822_7023_7637_AF138249_B_NA_NA 0.0264280 0.0245433 0.0282917 0.0227147 0.0325746 0.0208607 0.0190407 0.0325484 0.0245433 0.0283140 0.0229463 0.0283585 0.0226921 0.0205567 0.0000000 0.0316680 0.0133608 0.0303776 0.0316680 0.0133619 0.0284036 0.0152447 0.0186682 0.0376859 0.0221717 0.0133347 0.0223636 0.0133298 0.0186531 0.0223408 0.0299485 0.0204799 0.0280447 0.0169744 0.0318102 0.0317103 0.0264158 0.0133267 0.0262199 0.0262199 0.0338067 0.0204864 0.0366811 0.0204864 0.0307083 0.0340410 0.0278016 0.0298028 0.0457237 0.0441546 0.0578802 0.0457145 0.0453222 0.0471007 0.0595155 0.0396566 0.0357103 0.0470715 0.0405644 0.0491931 0.0339906 0.0496273 0.0661286 0.0459467 0.0409602 0.0478825 0.0482701 0.0449456 0.0592741 0.0548502 0.0475681 0.0474791 0.0590278 0.0613887 0.0526481 0.0580509 0.0570555 0.0566430 0.0495532 0.0438659 0.0501655 0.0522698 0.0522698 0.0479565 0.0501655 0.0549700 0.0479401 0.0479401 0.0438659 0.0480315 0.0479565 0.0459106 0.0482378 0.0501655 0.0522698 0.0485063 0.0502894 0.0321474 0.0245968 0.0294701 0.0226744 0.0208322 0.0154224 0.0282383 0.0208244 0.0226922 0.0226969 0.0342847 0.0282186 0.0223017 0.0224038 0.0361140 0.0245275 0.0228827 0.0355528 0.0359909 0.0205777 0.0300999 0.0297418 0.0458947 0.0520982 0.0458947 0.0459106 0.0458947 0.0459106 0.0500669 
822_7023_7637_AF138248_B_NA_NA 0.0341947 0.0322285 0.0361203 0.0303399 0.0406627 0.0245531 0.0303440 0.0406288 0.0322285 0.0361491 0.0306410 0.0283361 0.0442605 0.0356530 0.0316680 0.0000000 0.0355127 0.0360690 0.0000010 0.0315788 0.0401516 0.0358069 0.0259213 0.0260346 0.0411861 0.0393438 0.0357463 0.0393300 0.0335184 0.0222060 0.0134656 0.0355111 0.0278646 0.0208866 0.0321710 0.0354324 0.0305800 0.0355048 0.0265393 0.0265393 0.0259382 0.0204549 0.0385035 0.0204549 0.0325126 0.0299703 0.0353802 0.0222231 0.0413620 0.0398018 0.0510397 0.0413533 0.0388753 0.0365642 0.0525089 0.0354589 0.0316159 0.0405943 0.0424122 0.0510770 0.0354765 0.0495453 0.0542615 0.0457478 0.0367067 0.0437022 0.0440592 0.0426316 0.0477787 0.0461195 0.0494623 0.0430885 0.0501478 0.0523878 0.0440529 0.0493722 0.0526357 0.0437617 0.0412288 0.0356845 0.0417077 0.0437264 0.0437264 0.0396106 0.0417077 0.0462531 0.0395967 0.0395967 0.0356845 0.0396705 0.0396106 0.0376459 0.0398271 0.0417077 0.0437264 0.0400685 0.0418085 0.0401334 0.0283585 0.0399072 0.0302823 0.0283671 0.0227495 0.0360526 0.0283566 0.0303064 0.0303158 0.0424099 0.0206416 0.0222241 0.0223254 0.0243386 0.0206790 0.0284570 0.0240327 0.0280684 0.0322227 0.0224473 0.0258992 0.0376326 0.0435882 0.0376326 0.0376459 0.0376326 0.0376459 0.0416302 
822_7023_7637_AF138247_B_NA_NA 0.0208033 0.0189767 0.0189598 0.0245494 0.0305608 0.0226809 0.0245538 0.0229179 0.0153796 0.0189745 0.0247976 0.0302350 0.0227309 0.0241937 0.0133608 0.0355127 0.0000000 0.0265180 0.0355127 0.0032366 0.0208773 0.0152675 0.0151158 0.0337369 0.0150505 0.0168619 0.0206589 0.0168557 0.0116375 0.0223209 0.0320187 0.0204618 0.0318294 0.0205618 0.0356759 0.0355608 0.0263917 0.0204002 0.0300007 0.0300007 0.0299267 0.0204682 0.0366463 0.0204682 0.0306796 0.0340095 0.0277933 0.0297936 0.0456806 0.0441128 0.0578228 0.0456714 0.0452782 0.0428628 0.0594861 0.0396196 0.0356773 0.0470258 0.0405258 0.0534781 0.0339592 0.0496067 0.0660935 0.0500856 0.0368450 0.0520428 0.0524592 0.0407567 0.0592449 0.0548252 0.0475481 0.0474950 0.0589997 0.0613586 0.0526249 0.0580240 0.0570289 0.0523012 0.0495326 0.0438488 0.0501442 0.0522470 0.0522470 0.0479368 0.0501442 0.0549451 0.0479204 0.0479204 0.0438488 0.0480117 0.0479368 0.0458922 0.0482177 0.0501442 0.0522470 0.0484861 0.0502680 0.0226316 0.0264468 0.0336149 0.0245053 0.0153755 0.0171996 0.0189237 0.0118408 0.0245245 0.0245302 0.0246126 0.0281929 0.0222819 0.0223838 0.0321606 0.0282827 0.0266375 0.0316826 0.0359575 0.0169682 0.0300723 0.0259855 0.0458764 0.0520756 0.0458764 0.0458922 0.0458764 0.0458922 0.0500457 
822_7023_7637_AF138246_B_NA_NA 0.0309208 0.0212625 0.0289054 0.0349458 0.0332809 0.0250459 0.0349494 0.0253644 0.0212762 0.0250650 0.0273098 0.0250195 0.0286901 0.0301565 0.0303776 0.0360690 0.0265180 0.0000000 0.0360690 0.0227029 0.0157104 0.0208691 0.0208382 0.0404075 0.0301949 0.0227086 0.0284535 0.0227001 0.0208734 0.0264287 0.0303895 0.0303513 0.0207272 0.0283381 0.0321322 0.0362611 0.0286073 0.0342452 0.0303351 0.0303351 0.0343392 0.0322929 0.0412925 0.0322929 0.0351269 0.0385873 0.0341443 0.0322064 0.0464522 0.0448625 0.0608762 0.0464428 0.0480539 0.0498623 0.0672926 0.0402845 0.0362735 0.0498306 0.0452768 0.0586941 0.0403072 0.0594523 0.0693852 0.0554435 0.0417624 0.0598579 0.0603378 0.0455459 0.0623812 0.0581695 0.0526066 0.0503863 0.0624673 0.0649112 0.0558794 0.0613931 0.0652399 0.0555396 0.0526338 0.0468097 0.0533082 0.0554765 0.0554765 0.0510234 0.0533082 0.0582835 0.0510058 0.0510058 0.0468097 0.0511053 0.0510234 0.0489162 0.0513344 0.0533082 0.0554765 0.0516155 0.0534429 0.0250418 0.0289162 0.0342339 0.0269821 0.0175397 0.0232050 0.0288676 0.0175444 0.0270038 0.0270112 0.0271066 0.0305837 0.0263800 0.0265081 0.0326805 0.0285279 0.0349975 0.0341443 0.0385545 0.0208450 0.0325104 0.0382901 0.0488992 0.0552893 0.0488992 0.0489162 0.0488992 0.0489162 0.0531997 
822_7023_7637_AF138245_B_NA_NA 0.0341947 0.0322285 0.0361203 0.0303399 0.0406627 0.0245531 0.0303440 0.0406288 0.0322285 0.0361491 0.0306410 0.0283361 0.0442605 0.0356530 0.0316680 0.0000010 0.0355127 0.0360690 0.0000000 0.0315788 0.0401516 0.0358069 0.0259213 0.0260346 0.0411861 0.0393438 0.0357463 0.0393300 0.0335184 0.0222060 0.0134656 0.0355111 0.0278646 0.0208866 0.0321710 0.0354324 0.0305800 0.0355048 0.0265393 0.0265393 0.0259382 0.0204549 0.0385035 0.0204549 0.0325126 0.0299703 0.0353802 0.0222231 0.0413620 0.0398018 0.0510397 0.0413533 0.0388753 0.0365642 0.0525089 0.0354589 0.0316159 0.0405943 0.0424122 0.0510770 0.0354765 0.0495453 0.0542615 0.0457478 0.0367067 0.0437022 0.0440592 0.0426316 0.0477787 0.0461195 0.0494623 0.0430885 0.0501478 0.0523878 0.0440529 0.0493722 0.0526357 0.0437617 0.0412288 0.0356845 0.0417077 0.0437264 0.0437264 0.0396106 0.0417077 0.0462531 0.0395967 0.0395967 0.0356845 0.0396705 0.0396106 0.0376459 0.0398271 0.0417077 0.0437264 0.0400685 0.0418085 0.0401334 0.0283585 0.0399072 0.0302823 0.0283671 0.0227495 0.0360526 0.0283566 0.0303064 0.0303158 0.0424099 0.0206416 0.0222241 0.0223254 0.0243386 0.0206790 0.0284570 0.0240327 0.0280684 0.0322227 0.0224473 0.0258992 0.0376326 0.0435882 0.0376326 0.0376459 0.0376326 0.0376459 0.0416302 
822_7023_7637_AF138244_B_NA_NA 0.0208071 0.0189797 0.0189627 0.0245551 0.0305705 0.0189647 0.0245595 0.0229228 0.0153812 0.0189775 0.0248035 0.0263612 0.0190082 0.0204904 0.0133619 0.0315788 0.0032366 0.0227029 0.0315788 0.0000000 0.0171905 0.0117354 0.0116195 0.0298199 0.0115709 0.0133327 0.0170149 0.0133277 0.0116381 0.0186635 0.0281226 0.0204654 0.0279503 0.0205655 0.0317201 0.0316208 0.0225991 0.0204037 0.0261482 0.0261482 0.0260853 0.0168572 0.0325734 0.0168572 0.0267349 0.0300659 0.0240325 0.0259756 0.0415144 0.0399469 0.0532864 0.0415057 0.0409911 0.0386443 0.0548405 0.0355803 0.0317186 0.0427199 0.0363895 0.0490337 0.0316401 0.0453775 0.0613100 0.0458036 0.0327575 0.0477322 0.0481174 0.0365903 0.0546037 0.0503967 0.0431980 0.0431409 0.0544954 0.0567927 0.0482666 0.0536238 0.0570667 0.0479588 0.0453127 0.0397009 0.0458553 0.0479146 0.0479146 0.0437051 0.0458553 0.0505247 0.0436899 0.0436899 0.0397009 0.0437722 0.0437051 0.0417019 0.0439525 0.0458553 0.0479146 0.0442079 0.0459673 0.0226363 0.0226491 0.0336273 0.0245109 0.0153771 0.0172019 0.0189267 0.0118415 0.0245302 0.0245359 0.0246184 0.0243771 0.0186322 0.0187136 0.0282419 0.0244457 0.0266445 0.0278259 0.0319754 0.0134139 0.0262202 0.0222539 0.0416873 0.0477603 0.0416873 0.0417019 0.0416873 0.0417019 0.0457678 
822_7023_7637_AF138243_B_NA_NA 0.0250870 0.0175396 0.0250309 0.0309367 0.0292748 0.0250476 0.0309409 0.0234430 0.0175511 0.0212647 0.0215225 0.0250213 0.0231942 0.0323777 0.0284036 0.0401516 0.0208773 0.0157104 0.0401516 0.0171905 0.0000000 0.0192297 0.0153866 0.0383358 0.0244635 0.0245541 0.0247712 0.0245450 0.0154121 0.0264716 0.0365702 0.0208827 0.0324079 0.0285343 0.0363241 0.0362046 0.0307523 0.0322252 0.0305475 0.0305475 0.0343902 0.0283923 0.0434796 0.0283923 0.0372435 0.0386421 0.0321328 0.0342257 0.0507176 0.0491314 0.0587087 0.0507078 0.0525479 0.0456233 0.0604108 0.0444342 0.0403496 0.0477527 0.0452831 0.0610845 0.0402374 0.0548606 0.0670459 0.0553144 0.0407401 0.0574323 0.0578930 0.0477846 0.0601050 0.0557452 0.0549454 0.0504685 0.0599846 0.0622658 0.0535039 0.0590595 0.0626959 0.0531733 0.0504091 0.0466409 0.0530983 0.0552524 0.0552524 0.0508286 0.0530983 0.0580387 0.0508112 0.0508112 0.0466409 0.0509098 0.0508286 0.0487346 0.0511363 0.0530983 0.0552524 0.0514154 0.0532316 0.0212449 0.0289138 0.0299430 0.0231440 0.0138916 0.0232084 0.0249983 0.0138954 0.0231625 0.0231676 0.0232459 0.0326021 0.0264227 0.0265512 0.0327303 0.0327210 0.0371039 0.0361838 0.0406588 0.0190803 0.0345476 0.0342550 0.0487177 0.0550671 0.0487177 0.0487346 0.0487177 0.0487346 0.0529909 
822_7023_7637_AF138242_B_NA_NA 0.0267219 0.0248145 0.0286077 0.0345747 0.0369587 0.0247927 0.0345784 0.0289850 0.0210650 0.0248113 0.0309441 0.0324988 0.0101046 0.0262972 0.0152447 0.0358069 0.0152675 0.0208691 0.0358069 0.0117354 0.0192297 0.0000000 0.0170353 0.0359990 0.0187525 0.0117195 0.0244110 0.0117151 0.0170635 0.0262401 0.0301695 0.0262605 0.0282772 0.0281350 0.0338569 0.0319917 0.0284006 0.0187883 0.0301161 0.0301161 0.0340885 0.0243263 0.0369946 0.0243263 0.0309695 0.0383026 0.0299552 0.0319736 0.0461077 0.0445279 0.0561319 0.0460984 0.0435754 0.0453587 0.0623362 0.0399881 0.0360081 0.0453306 0.0409104 0.0539951 0.0359134 0.0500698 0.0643824 0.0505584 0.0371961 0.0503892 0.0507972 0.0411460 0.0575271 0.0531496 0.0480089 0.0457507 0.0573308 0.0596867 0.0509579 0.0563865 0.0599806 0.0506373 0.0478934 0.0421896 0.0484829 0.0505866 0.0505866 0.0462792 0.0484829 0.0532739 0.0462631 0.0462631 0.0421896 0.0463516 0.0462792 0.0442335 0.0465491 0.0484829 0.0505866 0.0468149 0.0486031 0.0286220 0.0325249 0.0380048 0.0305790 0.0210596 0.0229720 0.0247442 0.0173738 0.0306035 0.0306133 0.0307245 0.0303616 0.0261921 0.0263182 0.0364178 0.0285454 0.0308596 0.0338967 0.0382704 0.0170420 0.0322736 0.0300049 0.0442180 0.0504205 0.0442180 0.0442335 0.0442180 0.0442335 0.0483879 
822_7023_7637_AF138241_B_NA_NA 0.0208258 0.0153949 0.0226455 0.0245775 0.0267456 0.0153833 0.0245819 0.0229437 0.0189967 0.0189945 0.0210798 0.0263852 0.0245807 0.0223445 0.0186682 0.0259213 0.0151158 0.0208382 0.0259213 0.0116195 0.0153866 0.0170353 0.0000000 0.0241842 0.0203406 0.0222207 0.0152312 0.0222125 0.0099221 0.0168741 0.0225099 0.0151215 0.0187419 0.0187467 0.0260329 0.0259391 0.0207449 0.0186471 0.0205974 0.0205974 0.0242084 0.0151252 0.0325275 0.0151252 0.0266995 0.0243903 0.0221936 0.0241095 0.0355504 0.0339785 0.0489170 0.0355425 0.0368501 0.0345688 0.0547451 0.0297832 0.0260283 0.0385636 0.0323895 0.0447491 0.0259686 0.0475167 0.0611985 0.0437130 0.0307613 0.0457743 0.0461464 0.0365366 0.0545088 0.0482350 0.0431301 0.0410163 0.0522961 0.0545632 0.0461384 0.0514740 0.0548238 0.0458390 0.0432516 0.0376758 0.0437614 0.0457993 0.0457993 0.0416390 0.0437614 0.0483661 0.0416245 0.0416245 0.0376758 0.0417025 0.0416390 0.0396561 0.0418705 0.0437614 0.0457993 0.0421190 0.0438677 0.0226567 0.0226695 0.0296484 0.0208291 0.0118564 0.0136423 0.0189436 0.0118519 0.0208454 0.0208492 0.0246409 0.0188701 0.0133504 0.0134048 0.0225993 0.0189130 0.0228378 0.0259413 0.0262491 0.0151531 0.0206656 0.0241235 0.0396421 0.0456533 0.0396421 0.0396561 0.0396421 0.0396561 0.0436791 
822_7023_7637_AF138240_B_NA_NA 0.0383947 0.0363726 0.0363384 0.0384659 0.0368417 0.0323855 0.0305373 0.0408857 0.0324169 0.0363677 0.0388387 0.0403641 0.0445137 0.0378033 0.0376859 0.0260346 0.0337369 0.0404075 0.0260346 0.0298199 0.0383358 0.0359990 0.0241842 0.0000000 0.0394053 0.0415589 0.0339630 0.0415444 0.0279541 0.0205398 0.0263346 0.0298962 0.0261859 0.0344412 0.0424303 0.0297440 0.0367619 0.0337292 0.0365294 0.0365294 0.0204495 0.0151847 0.0227813 0.0151847 0.0101367 0.0282830 0.0336317 0.0242281 0.0315150 0.0299487 0.0341498 0.0315077 0.0266832 0.0208696 0.0482105 0.0258924 0.0150653 0.0245710 0.0345231 0.0427148 0.0258336 0.0395228 0.0497240 0.0434392 0.0309059 0.0377476 0.0380613 0.0343218 0.0433842 0.0356751 0.0366085 0.0306125 0.0395070 0.0415954 0.0337622 0.0433391 0.0460045 0.0335202 0.0315957 0.0259190 0.0315943 0.0335033 0.0335033 0.0296356 0.0315943 0.0358110 0.0296249 0.0296249 0.0259190 0.0296785 0.0296356 0.0277745 0.0297819 0.0315943 0.0335033 0.0299805 0.0316685 0.0385675 0.0363702 0.0531378 0.0383875 0.0285271 0.0305220 0.0362699 0.0285165 0.0384185 0.0384348 0.0426810 0.0189600 0.0205562 0.0206488 0.0264608 0.0189914 0.0248284 0.0260707 0.0263816 0.0304359 0.0207654 0.0279752 0.0277645 0.0334028 0.0277645 0.0277745 0.0240670 0.0277745 0.0315402 
822_7023_7637_AF138239_B_NA_NA 0.0320543 0.0301209 0.0300933 0.0360221 0.0424503 0.0263036 0.0360255 0.0304653 0.0263268 0.0301171 0.0324092 0.0378838 0.0263457 0.0296429 0.0221717 0.0411861 0.0150505 0.0301949 0.0411861 0.0115709 0.0244635 0.0187525 0.0203406 0.0394053 0.0000000 0.0221193 0.0260514 0.0221112 0.0203741 0.0240269 0.0376715 0.0295994 0.0374620 0.0297583 0.0374037 0.0412424 0.0319507 0.0295090 0.0356141 0.0356141 0.0355242 0.0258145 0.0425117 0.0258145 0.0364218 0.0397116 0.0332904 0.0353556 0.0515816 0.0500288 0.0641135 0.0515719 0.0513560 0.0488722 0.0659035 0.0454037 0.0413869 0.0531138 0.0464400 0.0596887 0.0412729 0.0555537 0.0726271 0.0561038 0.0406809 0.0580795 0.0585341 0.0467131 0.0656619 0.0609996 0.0536910 0.0536463 0.0652327 0.0676506 0.0587213 0.0641190 0.0679875 0.0583815 0.0554666 0.0497445 0.0561722 0.0583130 0.0583130 0.0539074 0.0561722 0.0611033 0.0538895 0.0538895 0.0497445 0.0539927 0.0539074 0.0518262 0.0542344 0.0561722 0.0583130 0.0545152 0.0563114 0.0339695 0.0339832 0.0459697 0.0359510 0.0263204 0.0282658 0.0300368 0.0225871 0.0359796 0.0359935 0.0361292 0.0337664 0.0276688 0.0278023 0.0378467 0.0338905 0.0362887 0.0372825 0.0416947 0.0222643 0.0356803 0.0314583 0.0518089 0.0581190 0.0518089 0.0518262 0.0518089 0.0518262 0.0560588 
822_7023_7637_AF138238_B_NA_NA 0.0341302 0.0321690 0.0321393 0.0341733 0.0446864 0.0244965 0.0341770 0.0365157 0.0245481 0.0321648 0.0345067 0.0282689 0.0189777 0.0278724 0.0133347 0.0393438 0.0168619 0.0227086 0.0393438 0.0133327 0.0245541 0.0117195 0.0222207 0.0415589 0.0221193 0.0000000 0.0223101 0.0032305 0.0222577 0.0297037 0.0376199 0.0316085 0.0317567 0.0279632 0.0355923 0.0316281 0.0340185 0.0239888 0.0299329 0.0299329 0.0337171 0.0277684 0.0365794 0.0277684 0.0306271 0.0418792 0.0240383 0.0297269 0.0455915 0.0440273 0.0576941 0.0496995 0.0451874 0.0469594 0.0593192 0.0395468 0.0356143 0.0469304 0.0404492 0.0490435 0.0355220 0.0453866 0.0613206 0.0458129 0.0367775 0.0477416 0.0481269 0.0406790 0.0546140 0.0504065 0.0432072 0.0431197 0.0545054 0.0568029 0.0482762 0.0536335 0.0570769 0.0521919 0.0453218 0.0397094 0.0458646 0.0479241 0.0479241 0.0437141 0.0458646 0.0505345 0.0436989 0.0436989 0.0397094 0.0437813 0.0437141 0.0417107 0.0439616 0.0458646 0.0479241 0.0442171 0.0459766 0.0360686 0.0282912 0.0416909 0.0341065 0.0283169 0.0226977 0.0320789 0.0245328 0.0341337 0.0341461 0.0382714 0.0358498 0.0296481 0.0297946 0.0360158 0.0320767 0.0344445 0.0316107 0.0438876 0.0205292 0.0377879 0.0296662 0.0416961 0.0477698 0.0416961 0.0417107 0.0416961 0.0417107 0.0457770 
822_7023_7637_AF138237_B_NA_NA 0.0325165 0.0267066 0.0305267 0.0325776 0.0389569 0.0266826 0.0325815 0.0348904 0.0267066 0.0305511 0.0329002 0.0344448 0.0323513 0.0261419 0.0223636 0.0357463 0.0206589 0.0284535 0.0357463 0.0170149 0.0247712 0.0244110 0.0152312 0.0339630 0.0260514 0.0223101 0.0000000 0.0223019 0.0188218 0.0224830 0.0277611 0.0243347 0.0299461 0.0244599 0.0359113 0.0298263 0.0265802 0.0297820 0.0302083 0.0302083 0.0263348 0.0243435 0.0326782 0.0243435 0.0268160 0.0342382 0.0259576 0.0262228 0.0396703 0.0380942 0.0534875 0.0436883 0.0411339 0.0410420 0.0550529 0.0337613 0.0299163 0.0428700 0.0365101 0.0492139 0.0298437 0.0519306 0.0661613 0.0480599 0.0348742 0.0501769 0.0505826 0.0407871 0.0593024 0.0527440 0.0475880 0.0451469 0.0568955 0.0592326 0.0505707 0.0559662 0.0595222 0.0502533 0.0475350 0.0418688 0.0481153 0.0502037 0.0502037 0.0459287 0.0481153 0.0528684 0.0459128 0.0459128 0.0418688 0.0460001 0.0459287 0.0438979 0.0461943 0.0481153 0.0502037 0.0464575 0.0482339 0.0344586 0.0305560 0.0373176 0.0325142 0.0229216 0.0248529 0.0304688 0.0229130 0.0325403 0.0325515 0.0366526 0.0283907 0.0224435 0.0225469 0.0285117 0.0264106 0.0305898 0.0318973 0.0361955 0.0187707 0.0302802 0.0338704 0.0438826 0.0500400 0.0438826 0.0438979 0.0438826 0.0438979 0.0480218 
822_7023_7637_AF138236_B_NA_NA 0.0341178 0.0321573 0.0321276 0.0341609 0.0446707 0.0244874 0.0341646 0.0365025 0.0245389 0.0321531 0.0344941 0.0282585 0.0189705 0.0278623 0.0133298 0.0393300 0.0168557 0.0227001 0.0393300 0.0133277 0.0245450 0.0117151 0.0222125 0.0415444 0.0221112 0.0032305 0.0223019 0.0000000 0.0222495 0.0296930 0.0376066 0.0315971 0.0317453 0.0279530 0.0355797 0.0316168 0.0340063 0.0239800 0.0299220 0.0299220 0.0337050 0.0277584 0.0365661 0.0277584 0.0306158 0.0418645 0.0240296 0.0297161 0.0455758 0.0440120 0.0576747 0.0496827 0.0451714 0.0469429 0.0592991 0.0395329 0.0356017 0.0469139 0.0404347 0.0490264 0.0355094 0.0453711 0.0613000 0.0457971 0.0367641 0.0477253 0.0481104 0.0406644 0.0545951 0.0503892 0.0431918 0.0431042 0.0544871 0.0567839 0.0482596 0.0536158 0.0570578 0.0521742 0.0453063 0.0396954 0.0458487 0.0479076 0.0479076 0.0436989 0.0458487 0.0505172 0.0436838 0.0436838 0.0396954 0.0437661 0.0436989 0.0416961 0.0439462 0.0458487 0.0479076 0.0442016 0.0459607 0.0360556 0.0282808 0.0416757 0.0340942 0.0283065 0.0226892 0.0320672 0.0245237 0.0341213 0.0302499 0.0382577 0.0358371 0.0296375 0.0297838 0.0360028 0.0320651 0.0344319 0.0315994 0.0438723 0.0205216 0.0377745 0.0296555 0.0416815 0.0477534 0.0416815 0.0416961 0.0416815 0.0416961 0.0457612 
822_7023_7637_AF138235_B_NA_NA 0.0189995 0.0171883 0.0208044 0.0264580 0.0210954 0.0208594 0.0190400 0.0210792 0.0171883 0.0171863 0.0229443 0.0322026 0.0246227 0.0260758 0.0186531 0.0335184 0.0116375 0.0208734 0.0335184 0.0116381 0.0154121 0.0170635 0.0099221 0.0279541 0.0203741 0.0222577 0.0188218 0.0222495 0.0000000 0.0169018 0.0300465 0.0082384 0.0224020 0.0187314 0.0336702 0.0223189 0.0244760 0.0186320 0.0280519 0.0280519 0.0242493 0.0186936 0.0325850 0.0186936 0.0267459 0.0281873 0.0186341 0.0205044 0.0395495 0.0379795 0.0532955 0.0395410 0.0410026 0.0386559 0.0548493 0.0336659 0.0298362 0.0427311 0.0364011 0.0490439 0.0281465 0.0476019 0.0613166 0.0437911 0.0308156 0.0500054 0.0504082 0.0366019 0.0546125 0.0483232 0.0432093 0.0410913 0.0523923 0.0546643 0.0462219 0.0515667 0.0504602 0.0459216 0.0433279 0.0377420 0.0438398 0.0458817 0.0458817 0.0417130 0.0438398 0.0484543 0.0416984 0.0416984 0.0377420 0.0417767 0.0417130 0.0397261 0.0419454 0.0438398 0.0458817 0.0421946 0.0439464 0.0208147 0.0283764 0.0276672 0.0226725 0.0136165 0.0154225 0.0171403 0.0101114 0.0226902 0.0226949 0.0227697 0.0225494 0.0168739 0.0169461 0.0263724 0.0226090 0.0228166 0.0223073 0.0300818 0.0151778 0.0243784 0.0205145 0.0397122 0.0457351 0.0397122 0.0397261 0.0397122 0.0397261 0.0437571 
822_7023_7637_AF138234_B_NA_NA 0.0283952 0.0264862 0.0302786 0.0284487 0.0268306 0.0227163 0.0209332 0.0346086 0.0264862 0.0303026 0.0287333 0.0302835 0.0342496 0.0261123 0.0223408 0.0222060 0.0223209 0.0264287 0.0222060 0.0186635 0.0264716 0.0262401 0.0168741 0.0205398 0.0240269 0.0297037 0.0224830 0.0296930 0.0169018 0.0000000 0.0188303 0.0151649 0.0116778 0.0154581 0.0264560 0.0259657 0.0174226 0.0223153 0.0209471 0.0209471 0.0134120 0.0082490 0.0248193 0.0082490 0.0192060 0.0135225 0.0296642 0.0168654 0.0278363 0.0262599 0.0447256 0.0278296 0.0368618 0.0306372 0.0503742 0.0222943 0.0186840 0.0345605 0.0324010 0.0447600 0.0259792 0.0475269 0.0612051 0.0396974 0.0307728 0.0457849 0.0461570 0.0365482 0.0545177 0.0482453 0.0431413 0.0410278 0.0523053 0.0545719 0.0461490 0.0514832 0.0548324 0.0458495 0.0432623 0.0376871 0.0437723 0.0458099 0.0458099 0.0416501 0.0437723 0.0483763 0.0416356 0.0416356 0.0376871 0.0417136 0.0416501 0.0396673 0.0418817 0.0437723 0.0458099 0.0421302 0.0438786 0.0341825 0.0264887 0.0378715 0.0283955 0.0227297 0.0209228 0.0302214 0.0227212 0.0284180 0.0284261 0.0363594 0.0083248 0.0065539 0.0065781 0.0189015 0.0118089 0.0155129 0.0222231 0.0152813 0.0190660 0.0100283 0.0241338 0.0396534 0.0456638 0.0396534 0.0396673 0.0396534 0.0396673 0.0436899 
