205
824_7023_7637_AY348477_B_NA_NA 0.0000000 0.0218029 0.0237584 0.0647831 0.0180271 0.0223155 0.0180271 0.0279836 0.0237584 0.0242520 0.0238242 0.0256059 0.0256059 0.0641030 0.0592008 0.0238356 0.0199195 0.0237409 0.0199320 0.0719210 0.0236983 0.1098892 0.0495418 0.0712422 0.0664218 0.0198908 0.0198961 0.0671702 0.0218029 0.0769815 0.0343443 0.0669417 0.0199320 0.0720413 0.1121497 0.1581196 0.0465665 0.0952130 0.1638026 0.0956387 0.1142730 0.1326642 0.1263010 0.0884986 0.1263010 0.0649407 0.0649407 0.0717058 0.0487374 0.0461256 0.1908784 0.1649277 0.1502669 0.1532512 0.0472321 0.0571938 0.0718386 0.0766362 0.0667153 0.0642468 0.0602370 0.1628684 0.0494603 0.0666003 0.1556444 0.0786349 0.1556444 0.1597913 0.0611237 0.0837354 0.1463822 0.1690927 0.0688795 0.1449695 0.1444345 0.1508276 0.1627909 0.1469613 0.1483460 0.0863763 0.1637161 0.1475235 0.1475276 0.1531041 0.1480782 0.1453340 0.1131083 0.1628092 0.1476096 0.1879952 0.1516157 0.1632998 0.1506584 0.1514706 0.1439580 0.0682814 0.0835391 0.1440693 0.1413034 0.0550400 0.1265400 0.1395840 0.1165746 0.1466721 0.1518482 0.1450719 0.0807394 0.1011082 0.1407627 0.1443631 0.0545833 0.0748639 0.0789198 0.1353826 0.1182222 0.1478300 0.1388812 0.0918055 0.1227327 0.1440383 0.0570279 0.1295216 0.1060509 0.1156001 0.1193793 0.0590696 0.1329883 0.1284639 0.0774781 0.0568545 0.0809541 0.0963756 0.0687941 0.1235429 0.1226517 0.1338418 0.1106363 0.1314573 0.1253125 0.1282934 0.1199609 0.0709383 0.0931051 0.0876756 0.0779300 0.0736734 0.1007866 0.0709053 0.0955784 0.0736723 0.0816030 0.0842064 0.0985488 0.1149260 0.0997019 0.0845247 0.0926312 0.0705644 0.0769398 0.0938249 0.0755031 0.1020266 0.0779808 0.0924850 0.0973548 0.0971907 0.1053098 0.0946935 0.1002639 0.0971907 0.0945687 0.0999628 0.0975746 0.1028021 0.0978180 0.0260965 0.0654877 0.1657081 0.0498228 0.0631467 0.0672239 0.0719511 0.0668778 0.0672239 0.1167557 0.1221392 0.0568545 0.1051506 0.0890560 0.1113302 0.0881266 0.1054163 0.0953175 0.0934444 0.0570741 0.1105561 0.0947290 0.0947290 0.0920888 0.0982404 0.0969445 0.0971080 0.0941211 0.0945687 0.0948096 
824_7023_7637_AY348476_B_NA_NA 0.0218029 0.0000000 0.0052179 0.0726515 0.0034583 0.0071414 0.0034583 0.0088806 0.0052179 0.0053328 0.0123990 0.0105260 0.0069630 0.0455790 0.0616492 0.0052310 0.0052108 0.0052143 0.0052143 0.0744848 0.0052048 0.1165032 0.0282917 0.0739882 0.0521826 0.0160905 0.0052048 0.0600038 0.0034583 0.0795833 0.0182941 0.0748798 0.0052143 0.0746103 0.1016024 0.1655394 0.0601789 0.0822608 0.1491998 0.1019928 0.1211915 0.1175097 0.1334644 0.0946357 0.1334644 0.0629453 0.0629453 0.0798229 0.0624428 0.0398869 0.1729253 0.1522220 0.1381220 0.1410140 0.0410963 0.0742421 0.0698247 0.0746032 0.0795086 0.0769130 0.0794296 0.1462641 0.0432882 0.0646149 0.1454044 0.0765992 0.1454044 0.1533662 0.0665931 0.0866133 0.1403572 0.1603448 0.0820389 0.1389138 0.1384791 0.1539510 0.1562920 0.1500241 0.1422844 0.0872691 0.1550391 0.1394041 0.1415056 0.1468350 0.1511500 0.1484532 0.1170943 0.1564242 0.1507209 0.1808792 0.1547564 0.1569205 0.1537804 0.1545582 0.1470458 0.0739305 0.0864060 0.1381277 0.1354095 0.0531050 0.1238089 0.1337014 0.1112231 0.1406862 0.1457143 0.1391001 0.0818033 0.1041883 0.1348962 0.1384098 0.0526597 0.0758965 0.0799761 0.1296371 0.1128519 0.1418670 0.1330496 0.0897040 0.1200211 0.1403826 0.0550904 0.1238858 0.1099037 0.1169559 0.1167061 0.0571308 0.1301950 0.1299072 0.0705881 0.0549222 0.0837904 0.0975607 0.0668076 0.1264600 0.1255574 0.1281453 0.1145890 0.1286654 0.1267363 0.1227844 0.1241000 0.0719186 0.0909235 0.0887869 0.0789669 0.0746819 0.1020397 0.0767921 0.0967511 0.0746805 0.0826800 0.0852808 0.0963488 0.1162753 0.0975611 0.0824497 0.0904631 0.0685289 0.0749008 0.0916761 0.0734466 0.1033008 0.0790460 0.0903166 0.0952213 0.0950600 0.1031377 0.0925728 0.0981123 0.0950600 0.0924508 0.0978169 0.0954360 0.1006402 0.0980652 0.0204076 0.0734580 0.1592598 0.0436111 0.0755584 0.0652224 0.0699328 0.0725617 0.0652224 0.1114565 0.1194718 0.0549222 0.1117031 0.0980479 0.1180509 0.0942650 0.1119846 0.0904104 0.1025315 0.0596574 0.1118468 0.0926082 0.0926082 0.0899806 0.0960907 0.0948185 0.0949792 0.0920080 0.0924508 0.0926871 
824_7023_7637_AY348475_B_NA_NA 0.0237584 0.0052179 0.0000000 0.0752014 0.0052179 0.0089783 0.0052179 0.0107191 0.0000010 0.0071514 0.0142534 0.0123530 0.0087547 0.0478377 0.0640637 0.0070162 0.0069886 0.0069932 0.0069932 0.0770386 0.0069805 0.1194258 0.0303531 0.0765355 0.0544921 0.0179840 0.0069805 0.0624176 0.0052179 0.0821869 0.0202420 0.0774500 0.0069932 0.0771696 0.1044561 0.1690599 0.0626056 0.0797276 0.1525357 0.1048075 0.1242478 0.1205586 0.1366252 0.0973605 0.1366252 0.0607401 0.0607401 0.0824460 0.0648879 0.0421264 0.1764781 0.1556079 0.1413750 0.1442885 0.0433025 0.0767953 0.0723453 0.0771654 0.0821209 0.0795006 0.0820401 0.1495781 0.0455137 0.0670800 0.1486981 0.0791723 0.1486981 0.1567889 0.0690553 0.0892774 0.1436073 0.1638270 0.0847241 0.1421845 0.1416972 0.1573496 0.1597441 0.1533412 0.1455482 0.0899485 0.1585030 0.1426716 0.1447505 0.1501957 0.1544811 0.1518249 0.1200723 0.1598160 0.1540932 0.1845687 0.1581771 0.1603078 0.1571768 0.1579202 0.1503777 0.0764616 0.0890598 0.1413393 0.1386033 0.0554564 0.1268689 0.1368940 0.1141835 0.1439141 0.1490064 0.1423252 0.0844809 0.1070387 0.1380767 0.1416269 0.0549951 0.0785709 0.0826571 0.1327670 0.1158189 0.1450792 0.1362167 0.0924010 0.1230665 0.1436250 0.0574542 0.1269713 0.1128090 0.1200257 0.1197146 0.0595055 0.1333110 0.1331065 0.0731398 0.0572789 0.0864164 0.1003740 0.0692821 0.1295312 0.1286136 0.1312525 0.1175514 0.1317831 0.1299072 0.1258037 0.1271652 0.0745126 0.0937272 0.0915048 0.0816109 0.0773100 0.1049756 0.0794264 0.0995420 0.0773078 0.0853799 0.0879445 0.0991911 0.1193341 0.1003298 0.0850911 0.0932481 0.0710714 0.0774713 0.0944397 0.0760340 0.1062765 0.0817616 0.0931016 0.0979745 0.0978092 0.1059604 0.0953025 0.1008963 0.0978092 0.0951766 0.1005928 0.0981964 0.1034438 0.1008888 0.0223915 0.0760406 0.1626757 0.0458517 0.0780931 0.0677094 0.0724592 0.0751109 0.0677094 0.1143870 0.1224677 0.0572789 0.1146009 0.1009302 0.1210204 0.0969915 0.1148892 0.0931631 0.1054402 0.0620629 0.1148017 0.0953381 0.0953381 0.0926871 0.0988672 0.0975611 0.0977258 0.0947264 0.0951766 0.0954195 
824_7023_7637_AY348474_B_NA_NA 0.0647831 0.0726515 0.0752014 0.0000000 0.0678909 0.0617731 0.0678909 0.0810648 0.0752014 0.0640291 0.0704183 0.0773758 0.0725570 0.0531091 0.0234852 0.0755841 0.0703088 0.0751385 0.0751385 0.0273308 0.0750071 0.1014601 0.0725416 0.0524334 0.0583159 0.0702069 0.0702175 0.0394586 0.0726515 0.0313071 0.0676700 0.0234416 0.0703416 0.0273667 0.1215840 0.1324076 0.0212417 0.1563717 0.1339581 0.0797433 0.0982916 0.1170438 0.1079674 0.0683342 0.1079674 0.0597129 0.0597129 0.0460658 0.0230861 0.0503860 0.1581598 0.1370644 0.1240556 0.1267497 0.0840611 0.0292628 0.0415826 0.0516871 0.0395596 0.0503356 0.0372495 0.1316403 0.0833712 0.0567865 0.1253373 0.0417095 0.1253373 0.1333301 0.0333889 0.0642770 0.1148115 0.1355178 0.0588611 0.1172190 0.1132319 0.1225127 0.1328269 0.1155616 0.1166000 0.0758249 0.1305353 0.1120023 0.1159847 0.1213942 0.1219834 0.1175694 0.0985216 0.1274686 0.1224782 0.1607394 0.1230966 0.1305190 0.1168715 0.1191757 0.1128322 0.0314543 0.0616282 0.1072751 0.1047887 0.0710336 0.0922941 0.1087582 0.1119747 0.1293201 0.1139220 0.1137790 0.0734134 0.0932562 0.1044099 0.1128510 0.0734639 0.0674182 0.0667190 0.1131022 0.0951640 0.1109310 0.1162447 0.0868225 0.1019085 0.1289693 0.0761251 0.1160174 0.0921647 0.1037504 0.1098695 0.0782458 0.1167787 0.1100829 0.0857777 0.0758955 0.0615002 0.0778473 0.0837747 0.1086772 0.1024803 0.1117700 0.0961914 0.1207054 0.1070795 0.1119444 0.1047738 0.0640765 0.0826526 0.0842762 0.0633269 0.0666556 0.0922865 0.0734856 0.0894350 0.0666565 0.0789976 0.0745855 0.0755375 0.0897574 0.0922483 0.0889001 0.0797519 0.0684582 0.0790174 0.0833344 0.0732341 0.0853410 0.0703321 0.0873283 0.0924016 0.0922483 0.1000534 0.0898408 0.0951911 0.0922483 0.0897256 0.0999321 0.0926040 0.0976370 0.0535683 0.0564599 0.0334136 0.1301482 0.0634594 0.0313032 0.0550915 0.0524954 0.0598955 0.0550915 0.0883399 0.1135502 0.0713922 0.0893640 0.0881600 0.1003261 0.0695119 0.0895865 0.1121921 0.0988588 0.0761874 0.0960125 0.0898752 0.0898752 0.0898408 0.0932264 0.0920193 0.0921720 0.0893009 0.0897256 0.0899497 
824_7023_7637_AY348473_B_NA_NA 0.0180271 0.0034583 0.0052179 0.0678909 0.0000000 0.0071414 0.0000010 0.0088806 0.0052179 0.0053328 0.0087875 0.0105260 0.0069630 0.0412964 0.0571145 0.0052310 0.0017233 0.0052143 0.0052143 0.0697218 0.0052048 0.1111456 0.0282917 0.0692379 0.0478205 0.0124156 0.0017214 0.0554660 0.0034583 0.0747394 0.0145214 0.0700873 0.0017245 0.0698375 0.0963407 0.1591688 0.0556184 0.0773828 0.1431416 0.0968043 0.1155986 0.1119230 0.1277011 0.0895993 0.1277011 0.0583107 0.0583107 0.0749448 0.0578536 0.0356241 0.1665057 0.1460763 0.1321967 0.1350544 0.0369000 0.0694807 0.0651129 0.0698257 0.0746497 0.0720946 0.0745741 0.1402413 0.0390609 0.0599948 0.1394175 0.0718065 0.1394175 0.1471560 0.0619819 0.0816739 0.1344399 0.1540360 0.0770490 0.1329572 0.1326178 0.1477855 0.1500331 0.1440011 0.1363461 0.0823022 0.1487564 0.1334530 0.1356005 0.1407272 0.1451026 0.1423291 0.1116356 0.1502734 0.1445986 0.1742203 0.1485521 0.1507774 0.1476188 0.1484594 0.1409913 0.0692082 0.0814849 0.1322777 0.1295878 0.0486663 0.1182125 0.1278786 0.1057843 0.1348109 0.1397293 0.1332265 0.0768271 0.0989408 0.1290977 0.1325500 0.0482507 0.0709130 0.0749897 0.1239209 0.1074055 0.1360225 0.1272715 0.0847097 0.1144432 0.1344788 0.0506345 0.1182408 0.1045661 0.1113283 0.1111896 0.0526597 0.1245065 0.1240660 0.0658203 0.0504794 0.0789149 0.0923671 0.0621743 0.1208472 0.1199712 0.1224693 0.1091542 0.1229708 0.1209417 0.1172599 0.1184943 0.0670746 0.0857358 0.0837512 0.0740465 0.0697812 0.0966288 0.0718848 0.0915974 0.0697812 0.0776638 0.0803375 0.0911003 0.1106669 0.0924508 0.0775425 0.0853083 0.0637731 0.0701079 0.0865637 0.0686193 0.0978199 0.0739930 0.0851621 0.0901346 0.0899806 0.0979389 0.0875241 0.0929748 0.0899806 0.0874090 0.0926938 0.0903367 0.0954717 0.0928537 0.0165712 0.0686389 0.1530698 0.0393556 0.0708343 0.0605625 0.0652107 0.0678026 0.0605625 0.1060746 0.1139831 0.0504794 0.1063823 0.0927280 0.1126105 0.0892260 0.1066518 0.0853126 0.0971732 0.0551351 0.1064218 0.0875593 0.0875593 0.0849694 0.0909626 0.0897509 0.0899043 0.0869796 0.0874090 0.0876335 
824_7023_7637_AY348472_B_NA_NA 0.0223155 0.0071414 0.0089783 0.0617731 0.0071414 0.0000000 0.0071414 0.0128339 0.0089783 0.0017195 0.0164499 0.0144822 0.0107805 0.0456265 0.0571636 0.0090026 0.0089658 0.0089718 0.0089718 0.0697704 0.0089552 0.1130445 0.0330632 0.0740362 0.0522310 0.0164742 0.0089552 0.0600531 0.0071414 0.0747873 0.0226517 0.0701361 0.0089718 0.0698862 0.1091712 0.1591898 0.0499459 0.0890549 0.1492244 0.0986859 0.1175680 0.1175463 0.1296994 0.0914494 0.1296994 0.0629950 0.0629950 0.0749930 0.0521094 0.0399335 0.1729409 0.1522456 0.1381510 0.1410418 0.0463875 0.0695294 0.0698735 0.0682838 0.0746978 0.0721431 0.0682416 0.1462899 0.0486534 0.0646641 0.1454304 0.0766467 0.1454304 0.1492661 0.0637827 0.0866584 0.1364764 0.1561670 0.0770976 0.1350104 0.1346389 0.1478108 0.1521542 0.1440275 0.1383855 0.0873142 0.1508880 0.1355034 0.1376301 0.1428153 0.1451286 0.1423567 0.1116736 0.1523577 0.1446252 0.1764378 0.1485772 0.1528583 0.1476442 0.1484842 0.1410192 0.0710196 0.0864511 0.1342956 0.1316021 0.0531541 0.1182484 0.1298974 0.1077276 0.1368319 0.1417776 0.1352506 0.0787028 0.1042286 0.1311051 0.1345707 0.0527085 0.0728165 0.0768768 0.1259124 0.1093463 0.1380302 0.1292764 0.0847554 0.1144807 0.1365106 0.0551395 0.1202219 0.1046063 0.1133222 0.1112282 0.0571798 0.1245401 0.1261004 0.0706372 0.0549712 0.0838361 0.0942651 0.0668564 0.1208820 0.1200062 0.1244502 0.1091931 0.1230051 0.1229679 0.1192020 0.1185301 0.0689420 0.0857829 0.0856222 0.0759127 0.0716581 0.0985910 0.0737552 0.0934835 0.0716576 0.0795512 0.0821871 0.0911457 0.1126558 0.0924944 0.0775901 0.0853552 0.0638232 0.0701567 0.0866098 0.0686689 0.0998033 0.0759094 0.0852092 0.0901791 0.0900250 0.0979810 0.0875693 0.0930185 0.0900250 0.0874541 0.0927374 0.0903812 0.0955145 0.0876242 0.0248802 0.0624375 0.1551623 0.0436582 0.0708823 0.0652719 0.0699817 0.0696343 0.0652719 0.1079975 0.1140202 0.0549712 0.1082816 0.0927734 0.1145345 0.0910782 0.1085546 0.0872014 0.0972169 0.0597065 0.1083587 0.0876044 0.0876044 0.0850152 0.0910071 0.0897953 0.0899487 0.0870248 0.0874541 0.0876787 
824_7023_7637_AY348471_B_NA_NA 0.0180271 0.0034583 0.0052179 0.0678909 0.0000010 0.0071414 0.0000000 0.0088806 0.0052179 0.0053328 0.0087875 0.0105260 0.0069630 0.0412964 0.0571145 0.0052310 0.0017233 0.0052143 0.0052143 0.0697218 0.0052048 0.1111456 0.0282917 0.0692379 0.0478205 0.0124156 0.0017214 0.0554660 0.0034583 0.0747394 0.0145214 0.0700873 0.0017245 0.0698375 0.0963407 0.1591688 0.0556184 0.0773828 0.1431416 0.0968043 0.1155986 0.1119230 0.1277011 0.0895993 0.1277011 0.0583107 0.0583107 0.0749448 0.0578536 0.0356241 0.1665057 0.1460763 0.1321967 0.1350544 0.0369000 0.0694807 0.0651129 0.0698257 0.0746497 0.0720946 0.0745741 0.1402413 0.0390609 0.0599948 0.1394175 0.0718065 0.1394175 0.1471560 0.0619819 0.0816739 0.1344399 0.1540360 0.0770490 0.1329572 0.1326178 0.1477855 0.1500331 0.1440011 0.1363461 0.0823022 0.1487564 0.1334530 0.1356005 0.1407272 0.1451026 0.1423291 0.1116356 0.1502734 0.1445986 0.1742203 0.1485521 0.1507774 0.1476188 0.1484594 0.1409913 0.0692082 0.0814849 0.1322777 0.1295878 0.0486663 0.1182125 0.1278786 0.1057843 0.1348109 0.1397293 0.1332265 0.0768271 0.0989408 0.1290977 0.1325500 0.0482507 0.0709130 0.0749897 0.1239209 0.1074055 0.1360225 0.1272715 0.0847097 0.1144432 0.1344788 0.0506345 0.1182408 0.1045661 0.1113283 0.1111896 0.0526597 0.1245065 0.1240660 0.0658203 0.0504794 0.0789149 0.0923671 0.0621743 0.1208472 0.1199712 0.1224693 0.1091542 0.1229708 0.1209417 0.1172599 0.1184943 0.0670746 0.0857358 0.0837512 0.0740465 0.0697812 0.0966288 0.0718848 0.0915974 0.0697812 0.0776638 0.0803375 0.0911003 0.1106669 0.0924508 0.0775425 0.0853083 0.0637731 0.0701079 0.0865637 0.0686193 0.0978199 0.0739930 0.0851621 0.0901346 0.0899806 0.0979389 0.0875241 0.0929748 0.0899806 0.0874090 0.0926938 0.0903367 0.0954717 0.0928537 0.0165712 0.0686389 0.1530698 0.0393556 0.0708343 0.0605625 0.0652107 0.0678026 0.0605625 0.1060746 0.1139831 0.0504794 0.1063823 0.0927280 0.1126105 0.0892260 0.1066518 0.0853126 0.0971732 0.0551351 0.1064218 0.0875593 0.0875593 0.0849694 0.0909626 0.0897509 0.0899043 0.0869796 0.0874090 0.0876335 
824_7023_7637_AY348470_B_NA_NA 0.0279836 0.0088806 0.0107191 0.0810648 0.0088806 0.0128339 0.0088806 0.0000000 0.0107191 0.0109533 0.0181908 0.0162139 0.0125145 0.0528907 0.0695595 0.0107486 0.0107042 0.0107113 0.0107113 0.0829201 0.0106917 0.1263524 0.0348554 0.0824016 0.0596955 0.0220325 0.0106917 0.0679021 0.0088806 0.0829554 0.0244256 0.0833721 0.0107113 0.0830647 0.1111587 0.1775899 0.0681217 0.0909681 0.1605684 0.1114186 0.1315133 0.1277916 0.1441835 0.1037319 0.1441835 0.0710485 0.0710485 0.0885159 0.0704583 0.0471023 0.1851082 0.1637691 0.1491704 0.1521452 0.0482100 0.0826759 0.0781277 0.0830678 0.0881644 0.0854744 0.0880791 0.1575484 0.0504766 0.0727086 0.1566164 0.0851106 0.1566164 0.1650440 0.0746853 0.0954737 0.1514010 0.1722471 0.0909481 0.1500243 0.1494087 0.1655487 0.1680805 0.1613308 0.1533826 0.0961830 0.1668635 0.1505035 0.1525370 0.1582793 0.1625069 0.1599425 0.1271327 0.1680042 0.1622186 0.1897767 0.1664326 0.1684851 0.1653701 0.1660312 0.1583934 0.0822869 0.0952302 0.1490344 0.1462462 0.0607605 0.1341509 0.1445275 0.1211777 0.1516573 0.1569202 0.1500553 0.0906863 0.1137475 0.1456859 0.1493361 0.0602614 0.0819919 0.0888621 0.1402344 0.1228370 0.1527886 0.1437853 0.0986873 0.1302975 0.1513996 0.0627987 0.1343119 0.1196696 0.1241569 0.1268450 0.0648862 0.1407492 0.1374646 0.0720515 0.0626062 0.0925098 0.1069666 0.0749423 0.1368488 0.1358930 0.1386616 0.1245652 0.1392190 0.1342145 0.1329831 0.1344603 0.0804754 0.0973914 0.0978350 0.0850077 0.0833664 0.1088643 0.0855066 0.1060788 0.0833620 0.0916406 0.0941316 0.1029296 0.1234481 0.1068184 0.0912148 0.0968853 0.0768987 0.0833940 0.1008925 0.0819897 0.1102240 0.0852513 0.0967384 0.1044168 0.1042413 0.1125997 0.1016783 0.1074231 0.1042413 0.1015425 0.1070994 0.1046564 0.1100274 0.1075081 0.0266677 0.0819845 0.1709318 0.0508502 0.0839362 0.0733913 0.0782560 0.0809721 0.0733913 0.1213131 0.1295834 0.0626062 0.1214510 0.1076881 0.1280658 0.1033670 0.1217565 0.0995802 0.1122809 0.0675277 0.1217890 0.1017141 0.1017141 0.0989968 0.1053677 0.1039766 0.1041514 0.1010739 0.1015425 0.1018019 
824_7023_7637_AY348469_B_NA_NA 0.0237584 0.0052179 0.0000010 0.0752014 0.0052179 0.0089783 0.0052179 0.0107191 0.0000000 0.0071514 0.0142534 0.0123530 0.0087547 0.0478377 0.0640637 0.0070162 0.0069886 0.0069932 0.0069932 0.0770386 0.0069805 0.1194258 0.0303531 0.0765355 0.0544921 0.0179840 0.0069805 0.0624176 0.0052179 0.0821869 0.0202420 0.0774500 0.0069932 0.0771696 0.1044561 0.1690599 0.0626056 0.0797276 0.1525357 0.1048075 0.1242478 0.1205586 0.1366252 0.0973605 0.1366252 0.0607401 0.0607401 0.0824460 0.0648879 0.0421264 0.1764781 0.1556079 0.1413750 0.1442885 0.0433025 0.0767953 0.0723453 0.0771654 0.0821209 0.0795006 0.0820401 0.1495781 0.0455137 0.0670800 0.1486981 0.0791723 0.1486981 0.1567889 0.0690553 0.0892774 0.1436073 0.1638270 0.0847241 0.1421845 0.1416972 0.1573496 0.1597441 0.1533412 0.1455482 0.0899485 0.1585030 0.1426716 0.1447505 0.1501957 0.1544811 0.1518249 0.1200723 0.1598160 0.1540932 0.1845687 0.1581771 0.1603078 0.1571768 0.1579202 0.1503777 0.0764616 0.0890598 0.1413393 0.1386033 0.0554564 0.1268689 0.1368940 0.1141835 0.1439141 0.1490064 0.1423252 0.0844809 0.1070387 0.1380767 0.1416269 0.0549951 0.0785709 0.0826571 0.1327670 0.1158189 0.1450792 0.1362167 0.0924010 0.1230665 0.1436250 0.0574542 0.1269713 0.1128090 0.1200257 0.1197146 0.0595055 0.1333110 0.1331065 0.0731398 0.0572789 0.0864164 0.1003740 0.0692821 0.1295312 0.1286136 0.1312525 0.1175514 0.1317831 0.1299072 0.1258037 0.1271652 0.0745126 0.0937272 0.0915048 0.0816109 0.0773100 0.1049756 0.0794264 0.0995420 0.0773078 0.0853799 0.0879445 0.0991911 0.1193341 0.1003298 0.0850911 0.0932481 0.0710714 0.0774713 0.0944397 0.0760340 0.1062765 0.0817616 0.0931016 0.0979745 0.0978092 0.1059604 0.0953025 0.1008963 0.0978092 0.0951766 0.1005928 0.0981964 0.1034438 0.1008888 0.0223915 0.0760406 0.1626757 0.0458517 0.0780931 0.0677094 0.0724592 0.0751109 0.0677094 0.1143870 0.1224677 0.0572789 0.1146009 0.1009302 0.1210204 0.0969915 0.1148892 0.0931631 0.1054402 0.0620629 0.1148017 0.0953381 0.0953381 0.0926871 0.0988672 0.0975611 0.0977258 0.0947264 0.0951766 0.0954195 
824_7023_7637_AY348468_B_NA_NA 0.0242520 0.0053328 0.0071514 0.0640291 0.0053328 0.0017195 0.0053328 0.0109533 0.0071514 0.0000000 0.0145586 0.0126171 0.0089448 0.0434498 0.0593857 0.0071703 0.0071414 0.0071463 0.0071463 0.0720968 0.0071331 0.1137764 0.0309849 0.0716068 0.0500109 0.0183636 0.0071331 0.0577396 0.0053328 0.0771503 0.0206737 0.0724766 0.0071463 0.0722172 0.1063807 0.1622462 0.0521094 0.0864743 0.1460832 0.0993659 0.1183402 0.1146654 0.1305142 0.0920924 0.1305142 0.0606304 0.0606304 0.0773724 0.0542858 0.0377697 0.1695998 0.1490577 0.1350845 0.1379561 0.0441800 0.0718549 0.0674661 0.0659220 0.0770680 0.0744949 0.0705374 0.1431686 0.0464297 0.0623061 0.1423281 0.0741943 0.1423281 0.1501675 0.0642874 0.0841260 0.1373218 0.1570887 0.0795305 0.1358596 0.1354741 0.1507747 0.1530653 0.1469249 0.1392362 0.0847674 0.1518014 0.1363525 0.1384752 0.1436954 0.1480372 0.1453034 0.1143156 0.1532532 0.1475699 0.1774226 0.1515593 0.1537532 0.1506062 0.1514158 0.1439333 0.0715634 0.0839282 0.1351288 0.1324278 0.0508946 0.1209535 0.1307208 0.1084605 0.1376718 0.1426389 0.1360883 0.0793019 0.1015291 0.1319268 0.1354056 0.0504642 0.0733967 0.0774712 0.1267151 0.1100836 0.1388672 0.1300927 0.0871863 0.1171791 0.1373542 0.0528701 0.1210058 0.1071933 0.1140915 0.1138986 0.0549016 0.1272864 0.1269210 0.0682008 0.0527085 0.0813378 0.0949352 0.0644906 0.1235937 0.1227055 0.1252452 0.1118249 0.1257553 0.1237771 0.1199668 0.1212396 0.0694922 0.0883070 0.0862493 0.0764961 0.0722246 0.0993001 0.0743298 0.0941465 0.0722240 0.0801579 0.0827930 0.0936966 0.1134213 0.0949775 0.0799824 0.0878637 0.0661493 0.0724974 0.0890969 0.0710272 0.1005245 0.0765085 0.0877174 0.0926519 0.0924944 0.1005041 0.0900250 0.0955145 0.0924944 0.0899066 0.0952266 0.0928600 0.0980243 0.0882592 0.0228692 0.0647191 0.1560659 0.0414965 0.0731889 0.0628933 0.0675689 0.0701773 0.0628933 0.1087223 0.1166755 0.0527085 0.1089996 0.0953582 0.1152804 0.0917205 0.1092747 0.0878403 0.0998178 0.0574010 0.1090902 0.0900603 0.0900603 0.0874541 0.0934996 0.0922591 0.0924159 0.0894709 0.0899066 0.0901368 
824_7023_7637_AY348467_B_NA_NA 0.0238242 0.0123990 0.0142534 0.0704183 0.0087875 0.0164499 0.0087875 0.0181908 0.0142534 0.0145586 0.0000000 0.0087774 0.0160488 0.0523862 0.0594959 0.0142946 0.0105925 0.0142430 0.0105995 0.0770646 0.0142183 0.1087703 0.0343996 0.0816704 0.0544943 0.0218110 0.0105802 0.0624270 0.0123990 0.0822199 0.0241766 0.0774768 0.0105995 0.0771959 0.0906490 0.1523238 0.0580104 0.0802376 0.1405513 0.0944657 0.1131317 0.1094483 0.1251935 0.0873115 0.1251935 0.0656322 0.0656322 0.0877369 0.0602659 0.0466376 0.1638319 0.1394527 0.1257968 0.1286200 0.0477455 0.0720123 0.0723656 0.0774255 0.0821540 0.0797703 0.0771687 0.1376576 0.0455099 0.0720452 0.1368469 0.0743606 0.1368469 0.1511249 0.0690715 0.0843317 0.1381715 0.1513709 0.0901408 0.1367075 0.1363065 0.1517282 0.1473774 0.1478377 0.1400985 0.0849766 0.1460865 0.1331550 0.1453067 0.1381079 0.1489591 0.1462236 0.1149872 0.1542164 0.1485010 0.1785839 0.1525226 0.1481723 0.1515583 0.1458670 0.1448361 0.0764867 0.0891027 0.1297451 0.1270597 0.0573776 0.1213307 0.1315238 0.1090989 0.1385172 0.1371599 0.1369255 0.0794923 0.1128067 0.1265784 0.1300139 0.0596964 0.0788468 0.0776556 0.1214220 0.1107315 0.1335033 0.1247553 0.0876649 0.1178800 0.1382021 0.0576382 0.1217351 0.1021822 0.1147824 0.1145748 0.0596964 0.1280536 0.1277069 0.0683462 0.0574618 0.0815314 0.0900142 0.0742661 0.1243322 0.1234361 0.1199844 0.1124806 0.1322797 0.1119015 0.1203355 0.1219651 0.0696443 0.0833698 0.0864667 0.0766746 0.0723878 0.0998864 0.0797007 0.0892617 0.0723871 0.0803528 0.0829942 0.0939508 0.1081785 0.0955086 0.0804149 0.0883615 0.0713113 0.0777332 0.0842341 0.0762933 0.0953525 0.0769349 0.0882143 0.0931684 0.0930094 0.1010735 0.0905239 0.0960513 0.0930094 0.0904042 0.0957604 0.0933789 0.0985775 0.0956889 0.0223822 0.0760658 0.1570488 0.0458481 0.0781203 0.0679341 0.0724797 0.0751346 0.0679341 0.1036746 0.1173619 0.0574618 0.1093143 0.0959134 0.1214623 0.0919574 0.1074881 0.0883326 0.1004014 0.0622638 0.1097305 0.0905594 0.0905594 0.0879358 0.0940248 0.0927716 0.0929300 0.0899649 0.0904042 0.0906367 
824_7023_7637_AY348466_B_NA_NA 0.0256059 0.0105260 0.0123530 0.0773758 0.0105260 0.0144822 0.0105260 0.0162139 0.0123530 0.0126171 0.0087774 0.0000000 0.0141290 0.0542641 0.0661619 0.0123866 0.0123362 0.0123442 0.0087485 0.0840970 0.0123220 0.1109980 0.0363424 0.0835812 0.0610115 0.0235833 0.0123220 0.0691773 0.0105260 0.0893524 0.0259823 0.0845521 0.0123442 0.0842427 0.0980755 0.1610592 0.0647197 0.0821537 0.1489889 0.1018574 0.1210247 0.1173480 0.1332796 0.0945118 0.1332796 0.0675575 0.0675575 0.0896659 0.0670095 0.0485389 0.1726768 0.1479308 0.1340214 0.1368815 0.0496106 0.0789671 0.0793414 0.0793435 0.0893132 0.0816924 0.0842426 0.1460574 0.0518590 0.0739556 0.1451999 0.0813528 0.1451999 0.1531457 0.0759083 0.0915009 0.1401603 0.1601135 0.0920993 0.1387170 0.1382860 0.1537314 0.1560666 0.1498136 0.1420848 0.0921825 0.1548142 0.1392071 0.1472818 0.1466249 0.1509375 0.1482408 0.1169356 0.1562026 0.1505062 0.1806132 0.1545346 0.1566987 0.1535611 0.1543404 0.1468373 0.0834601 0.0963249 0.1379352 0.1352208 0.0620877 0.1293016 0.1335145 0.1110713 0.1404903 0.1455095 0.1389059 0.0867315 0.1147426 0.1347088 0.1382167 0.0615861 0.0808394 0.0849168 0.1294578 0.1126981 0.1416709 0.1328648 0.0895863 0.1198560 0.1401861 0.0595330 0.1237147 0.1097561 0.1167926 0.1165463 0.0615861 0.1300159 0.1297236 0.0753234 0.0593520 0.0886171 0.0974298 0.0761689 0.1262871 0.1253862 0.1279688 0.1144336 0.1342480 0.1265576 0.1282065 0.1239297 0.0767272 0.0907999 0.0937654 0.0838429 0.0795438 0.1018984 0.0816577 0.0966221 0.0795408 0.0876459 0.0901715 0.1015300 0.1161133 0.0974323 0.0823417 0.0903407 0.0732545 0.0796554 0.0915535 0.0782377 0.1031564 0.0789385 0.0901944 0.0950956 0.0949346 0.1030008 0.0924508 0.0979823 0.0949346 0.0923290 0.0976875 0.0953097 0.1005067 0.1032069 0.0282171 0.0831852 0.1590339 0.0522373 0.0850939 0.0698569 0.0794712 0.0821681 0.0698569 0.1113069 0.1193099 0.0593520 0.1169384 0.0979133 0.1233975 0.0992421 0.1172313 0.0902895 0.1023909 0.0641607 0.1116946 0.0924862 0.0924862 0.0898622 0.0959630 0.0946936 0.0948540 0.0918871 0.0923290 0.0925648 
824_7023_7637_AY348465_B_NA_NA 0.0256059 0.0069630 0.0087547 0.0725570 0.0069630 0.0107805 0.0069630 0.0125145 0.0087547 0.0089448 0.0160488 0.0141290 0.0000000 0.0455220 0.0615708 0.0087779 0.0087428 0.0087485 0.0087485 0.0743883 0.0051989 0.1109980 0.0282574 0.0738924 0.0521172 0.0197989 0.0087327 0.0599271 0.0069630 0.0794796 0.0203273 0.0747822 0.0087485 0.0745135 0.0930921 0.1550931 0.0601017 0.0792537 0.1392888 0.0966760 0.1154398 0.1139595 0.1275246 0.0894823 0.1275246 0.0609249 0.0609249 0.0777272 0.0623626 0.0422775 0.1623897 0.1421623 0.1284473 0.1312779 0.0434530 0.0741459 0.0697343 0.0697352 0.0794047 0.0720009 0.0793258 0.1364158 0.0475164 0.0645318 0.1356161 0.0717135 0.1356161 0.1431997 0.0665081 0.0815675 0.1306907 0.1500063 0.0819295 0.1291864 0.1289080 0.1438569 0.1460416 0.1401693 0.1325806 0.0871546 0.1447515 0.1296839 0.1318574 0.1368464 0.1412530 0.1384361 0.1082251 0.1463496 0.1407026 0.1699416 0.1445978 0.1468571 0.1436931 0.1445719 0.1371444 0.0738355 0.0862935 0.1285758 0.1259089 0.0486047 0.1146997 0.1242021 0.1023995 0.1310883 0.1359281 0.1295075 0.0767251 0.1040490 0.1254345 0.1288413 0.0525931 0.0708175 0.0748895 0.1203192 0.1040124 0.1323173 0.1236240 0.0845988 0.1109501 0.1307376 0.0550205 0.1146964 0.1044259 0.1078122 0.1077428 0.0570583 0.1209219 0.1203863 0.0704958 0.0548527 0.0788127 0.0922435 0.0667219 0.1173178 0.1164620 0.1188967 0.1057646 0.1193853 0.1172982 0.1137946 0.1149750 0.0669859 0.0856195 0.0836404 0.0739486 0.0745824 0.0932884 0.0717896 0.0914756 0.0696885 0.0775600 0.0851689 0.0909767 0.1071648 0.0923290 0.0774411 0.0851932 0.0684390 0.0700168 0.0864482 0.0685292 0.0944329 0.0738926 0.0850472 0.0900159 0.0898622 0.0978092 0.0874090 0.0928519 0.0898622 0.0872942 0.0925715 0.0902175 0.0953453 0.0979334 0.0242716 0.0733615 0.1491174 0.0435567 0.0754616 0.0651380 0.0746235 0.0724674 0.0651380 0.1027262 0.1105478 0.0548527 0.1062407 0.0894560 0.1124592 0.0891093 0.1065096 0.0821998 0.0938653 0.0550650 0.1062773 0.0874441 0.0874441 0.0848579 0.0908420 0.0896330 0.0897861 0.0868656 0.0872942 0.0875182 
824_7023_7637_AY348464_B_NA_NA 0.0641030 0.0455790 0.0478377 0.0531091 0.0412964 0.0456265 0.0412964 0.0528907 0.0478377 0.0434498 0.0523862 0.0542641 0.0455220 0.0000000 0.0435115 0.0480384 0.0434570 0.0477996 0.0477996 0.0548515 0.0477138 0.1012349 0.0475085 0.0331414 0.0395498 0.0525162 0.0434028 0.0419195 0.0455790 0.0593948 0.0390505 0.0551151 0.0434814 0.0549341 0.1340944 0.1269729 0.0420077 0.1400037 0.1151802 0.0917375 0.0944397 0.1017059 0.1019293 0.0885326 0.1019293 0.0551968 0.0551968 0.0623259 0.0440537 0.0337729 0.1395058 0.1229716 0.1106872 0.1132570 0.0647255 0.0573011 0.0354172 0.0255091 0.0642567 0.0273274 0.0416512 0.1179251 0.0690569 0.0177983 0.1172753 0.0394373 0.1172753 0.1191997 0.0468903 0.0613646 0.1017347 0.1252619 0.0558307 0.1040419 0.1003164 0.1170450 0.1245650 0.1103126 0.1034590 0.0618472 0.1204024 0.1006072 0.1029266 0.1135653 0.1112132 0.1122096 0.0898094 0.1155644 0.1170104 0.1389524 0.1122041 0.1227000 0.1169099 0.1141324 0.1151714 0.0535504 0.0644520 0.1000567 0.0976471 0.0594918 0.0880191 0.0960055 0.0892102 0.1103025 0.1064232 0.1008207 0.0788378 0.0793623 0.0973022 0.1002614 0.0590076 0.0627041 0.0720293 0.1005126 0.0737596 0.0985689 0.1034688 0.0832754 0.0870421 0.1098461 0.0615000 0.0978530 0.0887604 0.0945937 0.0945749 0.0635578 0.1012004 0.1006516 0.0754299 0.0613135 0.0643161 0.0724560 0.0687334 0.0985817 0.0983043 0.0992998 0.0875347 0.0997030 0.1033023 0.0995044 0.0957911 0.0693054 0.0763414 0.0869090 0.0684866 0.0719596 0.0786154 0.0711179 0.0854395 0.0719590 0.0845687 0.0743785 0.0714232 0.0913737 0.0832421 0.0833874 0.0686442 0.0633035 0.0737199 0.0804232 0.0679751 0.0795310 0.0655462 0.0811718 0.0833799 0.0832421 0.0907386 0.0809186 0.0860454 0.0832421 0.0808175 0.0857936 0.0835584 0.0884056 0.0564452 0.0433911 0.0362545 0.0899232 0.0593203 0.0551364 0.0198238 0.0334894 0.0670178 0.0198238 0.0835912 0.0981939 0.0591179 0.0940702 0.0880039 0.0947951 0.0773917 0.0943032 0.0977053 0.0987064 0.0661529 0.0849843 0.0809518 0.0809518 0.0809186 0.0841230 0.0830364 0.0831745 0.0804228 0.0808175 0.0810176 
824_7023_7637_AY348463_B_NA_NA 0.0592008 0.0616492 0.0640637 0.0234852 0.0571145 0.0571636 0.0571145 0.0695595 0.0640637 0.0593857 0.0594959 0.0661619 0.0615708 0.0435115 0.0000000 0.0643653 0.0594122 0.0640114 0.0640114 0.0289870 0.0638991 0.0903268 0.0596109 0.0432885 0.0423588 0.0644481 0.0593367 0.0291435 0.0616492 0.0329614 0.0550120 0.0291102 0.0594410 0.0252061 0.1115196 0.1110595 0.0235522 0.1410370 0.1127078 0.0788555 0.0873067 0.0988292 0.0979329 0.0675291 0.0979329 0.0441639 0.0441639 0.0521698 0.0254437 0.0395256 0.1353661 0.1169545 0.1047481 0.1073138 0.0760235 0.0310471 0.0410179 0.0520514 0.0414023 0.0453714 0.0375092 0.1119769 0.0753997 0.0474655 0.1060798 0.0291544 0.1060798 0.1083087 0.0272843 0.0545505 0.0945925 0.1139062 0.0475092 0.0968860 0.0932375 0.1019105 0.1113318 0.0954768 0.0963154 0.0593604 0.1090815 0.0919020 0.0958178 0.1006474 0.1014713 0.0971531 0.0873063 0.1063841 0.1018749 0.1401198 0.1023711 0.1149509 0.1017875 0.0988251 0.0962678 0.0372373 0.0590135 0.0876868 0.0853231 0.0680224 0.0738853 0.0889359 0.0940422 0.1083775 0.0938034 0.0937262 0.0611659 0.0821894 0.0868268 0.0929121 0.0704175 0.0552540 0.0546871 0.0931649 0.0782976 0.0881544 0.0960623 0.0761145 0.0827138 0.1044749 0.0683325 0.0958909 0.0794585 0.0919321 0.0870157 0.0704175 0.0968076 0.0960912 0.0757445 0.0681260 0.0545549 0.0656503 0.0805792 0.0892169 0.0852570 0.0920058 0.0850385 0.1004104 0.0932184 0.0940330 0.0914368 0.0522058 0.0717630 0.0717498 0.0516045 0.0546347 0.0809218 0.0612225 0.0766742 0.0546379 0.0664541 0.0643574 0.0669009 0.0816066 0.0813017 0.0762207 0.0690273 0.0564446 0.0667555 0.0706509 0.0610171 0.0741408 0.0579822 0.0763001 0.0814387 0.0813017 0.0888109 0.0742631 0.0841048 0.0813017 0.0788736 0.0887031 0.0816137 0.0864712 0.0467667 0.0493228 0.0336468 0.1217858 0.0560976 0.0291100 0.0416470 0.0433541 0.0554386 0.0416470 0.0750360 0.0906416 0.0639595 0.0785921 0.0750679 0.0873247 0.0641678 0.0787892 0.0969155 0.0834804 0.0683886 0.0830171 0.0790070 0.0790070 0.0789738 0.0821713 0.0810987 0.0812353 0.0784820 0.0788736 0.0790715 
824_7023_7637_AY348462_B_NA_NA 0.0238356 0.0052310 0.0070162 0.0755841 0.0052310 0.0090026 0.0052310 0.0107486 0.0070162 0.0071703 0.0142946 0.0123866 0.0087779 0.0480384 0.0643653 0.0000000 0.0070066 0.0070112 0.0070112 0.0774323 0.0069985 0.1201460 0.0304613 0.0769256 0.0547320 0.0180383 0.0069985 0.0627109 0.0052310 0.0826182 0.0203061 0.0778486 0.0070112 0.0775649 0.1050686 0.1702701 0.0629014 0.0853362 0.1535798 0.1054136 0.1250320 0.1213178 0.1375159 0.0979032 0.1375159 0.0657326 0.0657326 0.0828821 0.0651985 0.0422989 0.1777466 0.1566873 0.1423225 0.1452610 0.0434779 0.0771877 0.0727075 0.0775611 0.0825534 0.0799138 0.0824718 0.1505965 0.0457012 0.0674052 0.1497046 0.0795814 0.1497046 0.1578878 0.0693908 0.0897607 0.1445680 0.1649906 0.0851842 0.1431423 0.1426364 0.1584444 0.1608716 0.1543844 0.1465254 0.0904386 0.1596264 0.1436315 0.1457170 0.1512324 0.1555359 0.1528757 0.1208106 0.1609240 0.1551587 0.1859378 0.1592843 0.1614174 0.1582697 0.1590066 0.1514067 0.0768485 0.0895399 0.1422744 0.1395158 0.0557057 0.1276706 0.1377953 0.1148805 0.1448703 0.1500143 0.1432705 0.0849382 0.1076663 0.1389821 0.1425654 0.0552403 0.0789924 0.0809946 0.1336245 0.1165278 0.1460381 0.1371064 0.0929089 0.1238403 0.1445836 0.0577153 0.1277802 0.1134846 0.1207863 0.1204580 0.0597786 0.1341682 0.1339854 0.0735110 0.0575382 0.0868761 0.1009523 0.0696206 0.1303525 0.1294254 0.1320943 0.1182701 0.1326311 0.1307576 0.1265881 0.1279700 0.0748979 0.0942635 0.0920111 0.0820455 0.0777169 0.1056092 0.0798466 0.1001112 0.0777145 0.0858464 0.0884198 0.0997687 0.1200877 0.1008992 0.0855458 0.0937779 0.0714295 0.0778701 0.0949726 0.0764271 0.1069270 0.0822090 0.0936305 0.0985266 0.0983595 0.1065754 0.0958339 0.1014723 0.0983595 0.0957065 0.1011653 0.0987512 0.1040394 0.1014730 0.0224647 0.0743863 0.1638099 0.0460421 0.0784899 0.0680409 0.0728229 0.0754929 0.0680409 0.1150785 0.1232259 0.0575382 0.1152857 0.1015270 0.1217623 0.0975323 0.1155774 0.0936861 0.1060711 0.0623532 0.1155016 0.0958698 0.0958698 0.0931984 0.0994294 0.0981085 0.0982750 0.0952522 0.0957065 0.0959522 
824_7023_7637_AY348461_B_NA_NA 0.0199195 0.0052108 0.0069886 0.0703088 0.0017233 0.0089658 0.0017233 0.0107042 0.0069886 0.0071414 0.0105925 0.0123362 0.0087428 0.0434570 0.0594122 0.0070066 0.0000000 0.0069836 0.0069836 0.0721419 0.0069710 0.1138913 0.0303116 0.0716511 0.0500254 0.0142536 0.0034583 0.0577641 0.0052108 0.0772034 0.0164103 0.0725225 0.0034645 0.0722626 0.0990299 0.1624608 0.0579279 0.0798657 0.1462641 0.0994563 0.1184672 0.1147867 0.1306636 0.0921695 0.1306636 0.0606591 0.0606591 0.0774261 0.0601789 0.0377716 0.1698267 0.1492456 0.1352452 0.1381220 0.0390147 0.0718997 0.0675044 0.0722532 0.0771211 0.0745439 0.0770437 0.1433441 0.0411926 0.0623369 0.1425014 0.0742427 0.1425014 0.1503591 0.0643207 0.0841901 0.1374856 0.1572936 0.0795886 0.1360222 0.1356336 0.1509658 0.1532627 0.1471059 0.1394034 0.0848328 0.1519977 0.1365157 0.1386403 0.1438742 0.1482206 0.1454851 0.1144336 0.1534475 0.1477549 0.1776695 0.1517527 0.1539480 0.1507970 0.1516057 0.1441108 0.0716074 0.0839918 0.1352874 0.1325816 0.0509104 0.1210845 0.1308721 0.1085692 0.1378349 0.1428125 0.1362490 0.0793596 0.1016236 0.1320793 0.1355649 0.0504794 0.0734458 0.0775263 0.1268577 0.1101949 0.1390313 0.1302419 0.0872556 0.1173039 0.1375176 0.0528882 0.1211380 0.1072981 0.1142128 0.1140171 0.0549222 0.1274291 0.1270669 0.0682406 0.0527264 0.0813972 0.0950190 0.0645244 0.1237291 0.1228389 0.1253845 0.1119386 0.1258959 0.1239170 0.1200947 0.1213712 0.0695344 0.0883807 0.0863179 0.0765490 0.0722712 0.0993942 0.0743795 0.0942285 0.0722706 0.0802172 0.0828552 0.0937795 0.1135411 0.0950600 0.0800402 0.0879363 0.0661861 0.0725434 0.0891708 0.0710714 0.1006218 0.0765629 0.0877898 0.0927306 0.0925728 0.1005963 0.0900993 0.0955983 0.0925728 0.0899806 0.0953097 0.0929393 0.0981123 0.0955151 0.0184934 0.0710869 0.1562656 0.0415018 0.0732352 0.0629251 0.0676075 0.0702197 0.0629251 0.1088303 0.1167976 0.0527264 0.1091067 0.0954447 0.1153994 0.0917971 0.1093825 0.0879121 0.0999119 0.0574249 0.1091996 0.0901346 0.0901346 0.0875241 0.0935802 0.0923369 0.0924941 0.0895441 0.0899806 0.0902113 
824_7023_7637_AY348460_B_NA_NA 0.0237409 0.0052143 0.0069932 0.0751385 0.0052143 0.0089718 0.0052143 0.0107113 0.0069932 0.0071463 0.0142430 0.0123442 0.0087485 0.0477996 0.0640114 0.0070112 0.0069836 0.0000000 0.0069883 0.0769743 0.0069756 0.1193227 0.0303299 0.0764717 0.0544485 0.0179709 0.0069756 0.0623665 0.0052143 0.0821179 0.0202270 0.0773850 0.0069883 0.0771051 0.1043650 0.1689019 0.0625541 0.0848143 0.1523960 0.1047175 0.1241369 0.1204503 0.1365025 0.0972781 0.1365025 0.0653614 0.0653614 0.0823763 0.0648345 0.0420926 0.1763142 0.1554641 0.1412457 0.1441564 0.0432684 0.0767312 0.0722850 0.0771008 0.0820517 0.0794338 0.0819710 0.1494411 0.0454777 0.0670245 0.1485624 0.0791061 0.1485624 0.1566429 0.0689986 0.0892020 0.1434767 0.1636740 0.0846512 0.1420539 0.1415691 0.1572043 0.1595949 0.1532018 0.1454158 0.0898723 0.1583541 0.1425409 0.1446194 0.1500564 0.1543404 0.1516841 0.1199668 0.1596694 0.1539510 0.1843935 0.1580303 0.1601611 0.1570316 0.1577760 0.1502395 0.0763983 0.0889848 0.1412117 0.1384781 0.0554114 0.1267562 0.1367699 0.1140826 0.1437842 0.1447372 0.1421964 0.0844084 0.1069460 0.1379523 0.1414989 0.0549507 0.0785025 0.0825857 0.1326479 0.1157166 0.1449492 0.1360940 0.0923227 0.1229568 0.1434947 0.0574076 0.1268577 0.1127108 0.1199171 0.1196084 0.0594572 0.1331921 0.1329845 0.0730783 0.0572325 0.0863440 0.1002869 0.0692250 0.1294164 0.1284999 0.1311353 0.1174481 0.1316652 0.1297884 0.1256932 0.1270521 0.0744491 0.0936448 0.0914264 0.0815412 0.0772437 0.1048816 0.0793585 0.0994561 0.0772415 0.0853061 0.0878700 0.0991039 0.1192264 0.1002441 0.0850192 0.0931666 0.0710115 0.0774063 0.0943580 0.0759696 0.1061803 0.0816900 0.0930202 0.0978908 0.0977258 0.1058694 0.0952213 0.1008098 0.0977258 0.0950956 0.1005067 0.0981123 0.1033550 0.1008011 0.0223747 0.0759763 0.1625263 0.0458153 0.0780286 0.0676530 0.0723987 0.0750481 0.0676530 0.1142869 0.1223611 0.0572325 0.1145018 0.1008405 0.1209147 0.0969092 0.1147897 0.0930825 0.1053467 0.0620123 0.1147005 0.0952569 0.0952569 0.0926082 0.0987822 0.0974780 0.0976424 0.0946459 0.0950956 0.0953381 
824_7023_7637_AY348459_B_NA_NA 0.0199320 0.0052143 0.0069932 0.0751385 0.0052143 0.0089718 0.0052143 0.0107113 0.0069932 0.0071463 0.0105995 0.0087485 0.0087485 0.0477996 0.0640114 0.0070112 0.0069836 0.0069883 0.0000000 0.0769743 0.0069756 0.1139263 0.0303299 0.0764717 0.0544485 0.0179709 0.0069756 0.0623665 0.0052143 0.0821179 0.0202270 0.0773850 0.0069883 0.0771051 0.1009384 0.1646204 0.0579576 0.0848143 0.1523960 0.0994920 0.1185028 0.1204503 0.1306975 0.0922047 0.1306975 0.0653614 0.0653614 0.0823763 0.0602092 0.0420926 0.1763142 0.1513507 0.1373009 0.1401839 0.0432684 0.0719326 0.0722850 0.0771008 0.0820517 0.0794338 0.0770776 0.1494411 0.0454777 0.0670245 0.1485624 0.0791061 0.1485624 0.1566429 0.0689986 0.0892020 0.1434767 0.1636740 0.0846512 0.1420539 0.1415691 0.1505820 0.1595949 0.1532018 0.1454158 0.0898723 0.1583541 0.1425409 0.1446194 0.1500564 0.1543404 0.1516841 0.1199668 0.1596694 0.1539510 0.1843935 0.1580303 0.1601611 0.1570316 0.1577760 0.1502395 0.0763983 0.0889848 0.1412117 0.1384781 0.0554114 0.1267562 0.1367699 0.1140826 0.1413369 0.1488707 0.1421964 0.0844084 0.1069460 0.1379523 0.1414989 0.0549507 0.0785025 0.0825857 0.1326479 0.1157166 0.1449492 0.1360940 0.0923227 0.1229568 0.1434947 0.0574076 0.1268577 0.1127108 0.1199171 0.1196084 0.0594572 0.1331921 0.1329845 0.0730783 0.0572325 0.0863440 0.1002869 0.0692250 0.1294164 0.1284999 0.1311353 0.1174481 0.1316652 0.1297884 0.1256932 0.1270521 0.0744491 0.0936448 0.0914264 0.0815412 0.0772437 0.1048816 0.0793585 0.0994561 0.0772415 0.0853061 0.0878700 0.0991039 0.1192264 0.1002441 0.0850192 0.0931666 0.0710115 0.0774063 0.0943580 0.0759696 0.1061803 0.0816900 0.0930202 0.0978908 0.0977258 0.1058694 0.0952213 0.1008098 0.0977258 0.0950956 0.1005067 0.0981123 0.1033550 0.1008011 0.0223747 0.0759763 0.1625263 0.0458153 0.0780286 0.0676530 0.0723987 0.0750481 0.0676530 0.1142869 0.1223611 0.0572325 0.1145018 0.1008405 0.1209147 0.0969092 0.1147897 0.0930825 0.1053467 0.0620123 0.1147005 0.0952569 0.0952569 0.0926082 0.0987822 0.0974780 0.0976424 0.0946459 0.0950956 0.0953381 
